2000 2000 143432693
1613
444
1770
820
1289
1274
825
662
471
1405
785
119
1890
400
1
663
1569
1243
1012
9
1003
491
1917
1354
1967
543
938
262
1432
668
1420
1798
1070
89
1960
1253
1340
1191
1377
931
661
727
1792
910
1297
1183
1103
1790
1357
1243
825
1811
465
804
614
1562
760
1141
760
339
489
1615
761
323
1040
1829
1989
1137
5
1216
1718
1189
426
1762
1952
667
767
806
372
1131
279
566
1518
1668
1240
309
1980
1369
1548
1986
1279
1475
1636
194
803
1717
1300
181
1489
686
702
36
1769
79
469
524
87
1859
468
1594
321
288
752
1017
1280
1778
1497
661
920
1421
1035
585
1818
1447
851
820
1377
1487
775
1196
1587
334
1046
216
1260
670
1229
1973
1725
1971
223
184
1648
840
239
429
588
441
1655
1121
22
21
1416
246
884
1237
59
771
1090
1783
394
1815
1955
169
39
395
1343
1551
1509
1197
1116
1335
1708
205
298
1305
1774
1105
497
1464
1465
596
1407
1336
1020
1648
1985
1780
888
1238
1742
1074
719
1885
1667
1845
501
400
1560
668
166
620
6
498
1915
784
1788
1202
568
1965
177
617
1964
467
38
1118
996
1637
651
1940
907
895
786
1954
1489
845
591
59
225
756
1374
46
1364
805
311
1883
1998
1816
673
1104
717
1406
1918
854
1390
1564
1331
487
1306
1575
1809
134
508
346
1637
1138
1639
1749
1926
955
700
275
1814
794
1338
1049
767
1072
1598
426
347
1610
642
1651
1797
1258
966
831
1529
1432
18
878
1392
835
1375
710
870
971
1827
393
390
554
275
1367
1303
1930
330
1784
1084
1291
383
781
1111
723
886
1921
482
1503
1471
314
1088
233
296
457
1572
1901
860
1772
1775
44
1987
533
1435
1243
145
792
1878
1099
989
1220
315
231
1016
66
1353
523
237
955
437
777
595
1013
50
44
707
1217
1437
760
500
856
1612
1387
1350
1745
834
1500
729
1177
55
445
139
893
1724
1144
1840
1641
683
88
529
1957
645
1228
1302
1458
844
873
251
1716
693
78
282
879
1431
1668
846
182
1536
1817
217
1539
1344
1622
450
1581
90
258
332
1558
991
1512
575
180
1300
1904
412
1917
991
329
904
831
1638
1321
897
1601
1
811
1
413
1890
1481
991
382
1261
547
1496
1886
846
1338
1178
573
893
1716
853
1623
316
1401
178
1
494
597
1599
1452
750
228
1370
1122
179
1140
1581
1785
589
454
1963
1185
1115
993
1878
1733
804
1764
1107
132
1831
552
523
168
295
1959
1159
289
264
1110
572
328
202
550
765
1460
774
1001
4
1277
1276
284
1889
431
461
1942
1158
351
624
1737
1586
1042
1539
1408
1254
1021
1505
634
97
985
1576
1209
1771
288
1871
1905
1752
618
831
125
1916
134
1119
706
141
835
980
1824
1539
961
1598
842
470
1089
1820
232
69
654
1778
961
36
1557
1017
793
1072
1060
1506
597
1307
1064
584
1153
280
1007
44
1832
1454
1128
1910
1689
1243
1455
288
1333
31
1839
400
1250
1714
739
1387
51
690
822
781
850
1689
507
540
303
1032
1982
537
417
1167
595
894
964
1329
1712
736
1312
1298
623
1558
1710
937
942
686
601
999
540
378
1607
1863
1080
1984
1813
1265
1356
7
1730
983
1568
1462
928
352
304
1183
47
760
673
1098
204
1
1170
1721
1770
349
573
1597
58
1584
1419
1780
1865
1912
261
1978
1651
1186
848
499
962
1384
1958
1941
26
1231
1749
1661
485
97
371
113
1113
1411
884
656
1444
241
1490
1752
1739
75
1559
1972
870
1438
814
35
1731
548
431
1
1621
344
1692
1175
4
430
1554
1281
1501
1685
1552
359
176
439
1433
1073
1815
1786
1058
1350
1060
186
1139
1807
1083
597
665
1164
583
731
783
349
1590
505
919
1972
380
1061
674
1064
978
574
1026
270
1994
1039
173
1697
510
822
1592
1154
1
1131
198
755
767
1791
577
1966
1623
1143
341
548
1017
1145
1341
424
696
773
1578
1619
207
1646
613
1000
734
578
327
1679
709
1190
925
472
1440
599
900
377
1860
422
1879
1
927
1673
1906
530
1596
1227
991
990
1722
495
1507
266
335
1974
340
1687
1924
387
1048
156
1
1173
5
1392
313
1245
1179
1703
1777
1002
890
1741
557
520
632
957
1351
1183
851
58
333
1091
1804
781
1786
1382
293
1844
1221
1496
398
542
277
1573
1220
1661
161
694
1228
618
60
514
1628
1727
533
1087
931
1836
1127
1269
1736
593
458
1821
54
691
1750
432
1533
1050
196
503
749
460
1194
58
1019
1436
1426
1235
1239
1044
1206
936
5
1979
635
680
1147
1570
898
714
201
1011
136
197
857
650
1199
349
299
1672
255
1515
1872
1504
819
1272
460
222
276
1060
880
1179
1419
1619
1107
1553
1960
453
546
746
1247
779
1900
1472
760
1179
1625
1678
1590
1564
1683
110
1259
157
250
1048
1055
1382
1480
409
806
754
1787
696
348
498
300
1693
183
1852
1317
218
543
1949
1364
1492
1976
1039
1675
13
1410
1773
1648
200
1567
1517
207
1795
812
1948
1427
119
1030
490
1991
1778
776
976
3
1346
562
1785
288
1939
641
716
427
1744
1490
55
1116
1368
882
395
1490
602
1946
1454
659
485
366
1352
422
1015
644
283
1510
137
1418
804
1577
588
609
1532
965
1067
211
536
1819
1319
1117
1328
342
151
1858
1026
425
370
164
71
416
612
1284
1274
1776
764
1736
879
931
945
274
970
1758
1953
1889
1385
949
1937
36
1746
739
418
1784
804
1141
1046
1977
375
1244
668
1801
301
700
1453
1069
892
644
912
312
1898
12
804
1765
1631
1753
1149
1077
131
1528
1156
1782
1296
1654
1805
1850
1176
1603
1393
203
536
611
897
1423
865
119
973
1530
1280
383
1801
1693
1831
1644
1316
1972
1148
1650
92
1770
657
195
582
155
389
614
343
475
102
1692
870
350
1972
604
10
1238
1235
1519
4
293
1339
1647
1325
1624
1910
1095
986
1880
1914
647
567
210
1631
1747
1593
1251
672
858
1961
129
171
1308
226
224
1067
778
443
368
661
1077
1850
1668
1480
1276
1181
1034
1720
1828
354
870
323
403
1761
1478
633
697
1439
1350
1200
791
766
440
72
1498
1735
1524
257
1270
1059
1301
404
419
4
36
74
1911
1155
893
113
869
1866
1618
1048
361
1466
133
1591
416
1266
914
741
1392
291
1102
406
1884
1888
1378
33
606
796
981
937
1538
153
118
1914
1309
1376
1831
1267
1254
1599
594
1847
37
293
1491
254
23
1506
681
1051
1812
1894
492
744
1806
573
96
1389
944
1878
1816
1843
1796
1223
1697
408
525
819
1608
1356
328
1751
1526
1792
1631
1892
397
1583
1717
1138
1927
187
1300
1236
1889
97
1494
921
1292
303
1043
1975
57
212
1388
459
1446
1720
1136
781
639
324
897
1363
1676
292
1428
478
483
1364
1588
1170
952
1213
1078
1850
328
738
372
644
1891
1057
1779
1045
728
188
1273
1038
1999
986
1170
960
836
648
905
870
1456
446
1448
1728
906
1493
687
1615
252
1164
1236
1869
53
1962
1262
944
325
1738
1459
1750
1763
955
816
646
401
1318
1429
31
1580
279
1820
1165
1327
1923
902
484
1934
961
213
214
322
708
820
1219
458
236
1066
661
1595
1736
76
1480
1938
321
1282
1978
664
1110
979
317
629
1220
969
1067
407
1488
286
830
1417
868
632
1064
1533
1171
808
511
1174
1802
1036
20
1540
816
1656
1425
266
517
533
1022
1475
1605
1
661
42
940
899
1472
1475
1169
1179
824
703
661
874
1029
1833
1876
355
1252
1235
1205
1897
1602
1915
354
411
922
1151
1761
1267
1192
1220
271
109
745
630
22
392
1950
165
1072
1825
625
1380
434
1675
1600
1400
67
448
486
421
770
338
1184
1541
1669
1995
1275
1450
174
797
1041
1563
1701
698
1826
558
1168
318
1756
800
961
893
917
1616
123
523
162
645
1112
1743
1820
51
1162
932
465
1511
1383
722
325
1299
1326
682
1634
1909
581
1403
893
676
1878
221
1674
160
1582
201
897
1534
273
1875
1659
388
1293
1424
1706
679
618
438
1300
881
1109
1867
447
1304
386
326
1256
1652
1404
1823
1443
678
1314
1131
813
168
1723
349
1129
1195
535
256
1418
1603
841
961
357
1223
319
991
1799
1488
1059
369
97
4
1539
194
1065
972
1778
159
1079
1179
1658
588
655
1075
1141
1334
410
559
245
598
1300
747
1874
1717
356
305
455
106
924
1864
1513
551
230
607
394
610
1640
700
1037
1571
843
671
1835
555
735
1736
1792
677
262
931
1198
721
544
695
1915
1739
730
931
1067
31
885
1054
1200
4
42
831
909
1070
1565
1032
926
696
933
568
207
1567
1692
1386
1990
13
934
1951
1049
1391
1768
839
80
1736
1161
655
861
1696
1255
1134
1691
1614
1188
138
308
362
692
648
1765
622
955
568
1347
1183
790
733
959
879
396
1376
1338
1719
56
247
170
293
1067
595
632
91
1854
762
828
1933
205
1085
384
846
423
763
1729
1017
574
460
822
1692
1011
1361
722
1271
58
1021
458
1803
1786
767
310
1214
1451
325
618
1472
1916
210
498
1846
653
441
1913
1837
1748
1920
524
1812
1488
112
948
1140
779
1
476
1793
1909
1257
1870
1694
1356
1590
1925
640
86
1947
1506
1643
1286
883
943
504
1067
1899
1520
1690
1317
99
1421
1521
1187
1157
1861
1172
130
1074
1183
293
1343
1574
1853
1800
1003
655
876
955
1100
1878
475
43
516
400
686
1543
1662
1059
554
1032
951
456
1360
911
1635
1849
1878
142
931
855
1146
832
1868
831
1619
1671
545
1684
1377
600
781
875
1268
1044
944
84
829
1655
210
937
1893
1008
1395
1412
1096
1579
696
705
1962
13
612
513
915
498
138
1970
524
1392
828
867
1300
1086
1725
1477
32
303
1211
1441
643
422
1765
1767
248
143
548
891
1134
411
1502
163
1377
29
929
809
1852
1981
1932
626
1300
1480
1619
97
523
105
622
201
932
1052
1878
1163
83
992
1093
769
947
1125
1496
1287
1734
1848
847
658
1267
726
1499
1539
1
669
1449
748
724
823
759
463
1707
441
265
804
1412
950
801
1873
1285
404
1704
272
789
643
1290
1063
1005
426
1759
1917
589
1207
408
1972
288
1929
1862
531
1235
1194
1725
595
1819
761
1409
820
625
135
1068
597
1243
866
1480
1379
1852
1715
28
1218
1482
1091
1092
1794
845
576
481
108
1695
1850
1599
1602
1359
1896
402
1047
638
374
1882
62
1486
720
268
1337
114
1516
1761
262
36
488
1907
518
1278
11
802
261
1263
73
721
1242
1039
941
817
17
554
436
208
956
1632
1224
1210
968
94
68
1113
526
243
1442
1426
1005
1345
1434
1688
798
835
1241
961
1321 537
1287 826
1345 1193
1729 1531
1403 1114
1741 1041
1528 1223
1519 627
1698 1034
1645 365
1464 1400
1552 248
1252 564
1123 1568
1642 1084
1154 335
1480 1920
1345 96
1136 283
1441 407
1452 270
1349 593
1532 1400
1584 1433
1781 205
1383 1425
1891 558
1989 1394
1071 175
1089 589
1419 79
1113 1363
1158 550
1256 1457
1835 138
1862 1077
1928 1570
1808 261
1026 571
1254 632
1397 1058
1868 753
1794 598
1672 1159
1895 335
1244 472
1674 1768
1827 367
1377 112
1358 1889
1200 270
1897 136
1917 1212
1544 1048
1096 1793
1115 869
1751 954
1477 292
1289 314
1158 1126
1250 167
1002 1281
1398 816
1649 66
1297 655
1452 684
1959 1158
1061 986
1584 566
1414 1990
1795 442
1240 562
1973 1988
1247 1728
1492 354
1882 1531
1183 239
1703 522
1439 1027
1716 1870
1115 374
1924 1477
1885 1567
1728 1081
1184 326
1635 1848
1785 571
1391 930
1599 493
1196 1961
1330 1378
1594 32
1475 1793
1477 397
1194 1611
1222 1186
1771 117
1157 896
1022 989
1335 372
1426 6
1221 406
1148 64
1585 81
1082 1407
1607 1800
1763 1827
1236 760
1316 196
1961 1315
1569 571
1422 992
1781 748
1624 1438
1658 1281
1052 182
1880 783
1917 1594
1310 864
1345 943
1785 836
1584 491
1781 1775
1904 792
1358 1196
1395 1998
1845 683
1490 507
1657 315
1229 435
1659 653
1090 610
1414 1862
1221 789
1042 1873
1232 1636
1711 319
1253 961
1381 875
1759 55
1623 318
1326 884
1093 1604
1855 1525
1623 1692
1880 565
1794 119
1006 1039
1026 1693
1196 1694
1607 893
1340 43
1750 1871
1546 851
1805 219
1300 1726
1585 523
1996 1653
1196 515
1518 749
1729 867
1139 133
1217 737
1849 620
1743 914
1597 1911
1153 1554
1148 826
1807 997
1932 554
1896 346
1436 528
1138 1343
1339 275
1817 1226
1222 1413
1444 797
1641 802
1372 559
1707 23
1599 231
1148 223
1002 1842
1959 779
1455 143
1662 1766
1790 1816
1015 1452
1002 1195
1095 437
1737 256
1809 1154
1673 411
1890 270
1329 289
1622 1252
1905 193
1234 810
1992 278
1032 1774
1592 547
1986 1048
1276 1502
1757 247
1449 857
1546 256
1918 1491
1634 1282
1713 1619
1608 186
1358 1577
1439 1698
1313 651
1817 650
1621 109
1360 1598
1107 1761
1262 1954
1168 406
1619 1795
1766 522
1093 377
1982 1319
1746 1160
1361 738
1338 1776
1490 625
1968 312
1668 885
1073 817
1166 888
1369 474
1656 1657
1678 1996
1181 1976
1897 733
1898 412
1985 137
1997 1036
1932 373
1601 1172
1486 555
1004 1952
1721 528
1671 222
1012 411
1072 1513
1002 1972
1095 1278
1019 1161
1671 1982
1167 214
1529 1782
1601 581
1403 1744
1190 587
1360 688
1034 1252
1151 1129
1060 207
1321 1973
1084 1941
1224 472
1697 1819
1925 217
1890 1168
1777 1163
1098 1776
1430 1094
1925 516
1135 1511
1404 423
1174 526
1210 1895
1797 184
1006 1852
1497 1966
1383 1620
1535 26
1865 1415
1538 1156
1411 220
1070 906
1502 1288
1431 155
1445 450
1908 1543
1546 1027
1369 894
1212 239
1764 98
1668 221
1444 1622
1720 1912
1500 1645
1533 257
1612 1972
1901 1788
1702 496
1854 334
1907 1415
1635 1903
1619 1401
1158 726
1545 1288
1792 389
1719 621
1244 1160
1137 1511
1791 307
1412 1045
1530 983
1005 873
1844 683
1386 1751
1251 930
1030 394
1473 553
1453 327
1016 1855
1674 211
1883 524
1805 1493
1541 1749
1894 1114
1302 1390
1726 1193
1975 1713
1998 612
1067 1052
1130 1041
1164 169
1543 1707
1007 1165
1803 522
1971 447
1155 538
1197 1402
1544 1380
1647 1070
1478 1427
1146 1575
1624 1150
1481 761
1992 1712
1981 1174
1541 1466
1084 1044
1277 246
1541 1056
1500 643
1853 1468
1004 1593
1596 1876
1748 782
1397 374
1709 860
1034 1833
1343 1556
1317 409
1028 644
1267 761
1407 764
1934 854
1466 1559
1263 1874
1312 1969
1719 1351
1645 240
1179 685
1233 918
1731 1397
1548 1048
1379 1201
1737 1509
1915 1129
1660 1537
1618 778
1015 1169
1114 322
1378 1908
1227 1444
1337 1062
1447 771
1264 238
1761 1489
1114 64
1017 1975
1585 1941
1468 932
1658 1064
1369 357
1152 229
1538 1680
1810 17
1885 904
1892 200
1230 489
1746 838
1057 1477
1635 196
2000 720
1606 994
1526 1796
1183 564
1315 272
1433 1638
1505 1423
1231 1393
1529 836
1564 1593
1352 172
1714 927
1186 1111
1502 268
1873 286
1830 3
1160 1544
1725 1839
1790 1640
1057 1511
1535 764
1337 388
1357 1126
1524 1255
1266 1587
1223 11
1387 1188
1227 335
1565 838
1298 495
1837 36
1119 651
1301 408
1368 212
1327 1562
1220 1271
1465 1159
1796 172
1003 1791
1954 1907
1389 853
1004 1759
1997 1856
1373 961
1662 1505
1322 1457
1128 1997
1736 1464
1684 1693
1693 406
1704 1695
1355 461
1326 1515
1687 1347
1530 1225
1650 230
1825 1998
1170 970
1458 1182
1310 323
1540 1688
1453 1210
1663 481
1089 470
1357 1215
1220 945
1845 448
1910 1772
1936 286
1363 1504
1520 1490
1692 249
1720 1726
1744 1855
1911 1701
1536 1149
1596 205
1815 1171
1193 58
1687 1709
1322 1801
1515 1440
1944 3
1487 1047
1212 1524
1161 677
1303 231
1690 773
1980 1807
1614 1810
1700 921
1369 586
1820 1664
1798 1125
1147 745
1122 1984
1334 844
1155 522
1065 156
1101 190
1170 863
1932 377
1090 1471
1157 1318
1597 84
1645 340
1719 213
1610 1125
1137 1277
1062 696
1743 647
1069 367
1630 472
1900 1747
1913 951
1354 1608
1696 665
1928 319
1905 377
1587 1265
1476 382
1832 579
1655 1996
1575 1699
1735 1449
1189 277
1004 666
1582 420
1304 685
1321 211
1254 903
1761 1071
1044 1925
1323 995
1141 1857
1792 1428
1943 638
1079 625
1660 925
1344 494
1541 1915
1550 1173
1636 286
1051 88
1446 850
1669 1311
1392 408
1408 1802
1883 991
1792 1284
1758 921
1054 796
1355 1333
1464 620
1253 1271
1544 1532
1363 890
1378 88
1282 794
1185 1445
1652 1150
1107 660
1618 1229
1264 603
1637 1151
1679 1557
1015 817
1057 833
1476 848
1706 520
1693 1260
1622 1811
1354 1289
1745 1596
1625 290
1338 570
1969 1516
1657 1831
1218 1319
1308 610
1509 768
1649 1909
1729 1125
1651 452
1837 1650
1833 1130
1516 1808
1151 1213
1943 477
1207 908
1572 586
1069 240
1893 1309
1074 1218
1107 1595
1746 1247
1599 896
1762 1139
1094 620
1030 909
1421 599
1794 1822
1211 62
1641 525
1325 461
1613 1538
1741 1266
1925 1222
1268 1640
1122 1801
1302 239
1126 1769
1734 1210
1387 1474
1566 1592
1872 283
1844 299
1959 315
1057 1397
1849 15
1328 1614
1158 99
1624 102
1533 577
1669 284
1629 1245
1248 913
1342 1885
1584 201
1663 530
1522 1731
1384 1744
1608 1246
1414 262
1437 1702
1647 535
1514 307
1397 100
1188 1121
1645 111
1944 544
1152 573
1326 1046
1947 1795
1122 572
1277 775
1367 465
1075 495
1854 367
1246 107
1037 79
1452 1874
1192 1339
1699 896
1426 1468
1525 938
1536 1740
1253 141
1046 1012
1004 1097
1885 510
1184 1794
1437 90
1697 1531
1183 1936
1361 433
1642 177
1746 1021
1693 1405
1661 1546
1545 1490
1631 1034
1626 335
1341 250
1959 267
1673 102
1326 166
1478 136
1354 814
1277 978
1754 166
1859 1975
1235 230
1046 1557
1263 451
1420 1358
1124 1904
1724 891
1044 309
1044 120
1419 1875
1933 1324
1429 1566
1581 1122
1566 1359
1327 1071
1939 714
1155 631
1549 1467
1844 1810
1832 754
1204 1709
1895 261
1707 1646
1634 1619
1967 1826
1101 1861
1229 1242
1547 1802
1831 775
1720 1818
1393 665
1123 1887
1569 726
1612 526
1507 233
1107 64
1637 1185
1985 606
1250 1327
1183 987
1137 805
1206 1430
1341 1736
1919 1302
1432 157
1217 1834
1213 1580
1018 1746
1932 1096
1809 181
1862 1861
1563 1426
1214 1526
1018 305
1551 1162
1837 1573
1929 489
1126 1003
1064 1632
1688 345
1350 876
1058 746
1691 1731
1698 1949
1443 1561
1285 779
1949 1960
1767 1018
1535 833
1947 323
1598 1079
1764 30
1863 551
1254 1048
1885 946
1134 1062
1629 15
1777 954
1846 174
1432 1486
1832 1799
1190 1459
1316 288
1220 1523
1822 1986
1041 932
1995 1493
1481 730
1754 1142
1474 1563
1759 1391
1383 1446
1477 1149
1434 1172
1316 1665
1746 1163
1099 547
1655 936
1498 1119
1696 93
1418 1980
1947 1783
1869 1784
1121 845
1662 263
1707 1386
1476 1420
1354 186
1378 728
1929 226
1462 177
1935 154
1734 1129
1202 1844
1404 1829
1395 1090
1754 109
1744 1495
1608 741
1751 596
1308 1653
1999 624
1783 1728
1316 1936
1700 1965
1891 527
1017 657
1277 615
1768 17
1136 1902
1095 575
1774 1728
1959 1203
1993 21
1481 810
1098 469
1678 1745
1901 987
1444 508
1496 719
1967 1888
1418 1091
1459 1652
1731 410
1034 7
1924 1050
1912 1258
1331 751
1189 599
1204 260
1427 463
1256 845
1682 688
1504 863
1140 241
1007 1645
1850 1343
1163 1453
1176 1207
1202 1768
1929 139
1737 118
1961 153
1773 1446
1362 506
1194 1101
1494 1934
1620 1241
1353 1376
1999 1603
1370 1325
1036 337
1868 1930
1799 1444
1602 1387
1547 99
1232 183
1876 262
1759 1010
1003 1274
1803 1393
1753 1526
1545 641
1188 1765
1653 720
1613 1334
1303 1927
1246 197
1117 2
1511 1585
1602 72
1329 40
1547 76
1658 788
1382 266
1382 908
1345 1813
1497 1061
1036 1963
1277 1036
1142 1588
1861 1686
1806 939
1050 1447
1755 955
1365 1074
1019 1348
1401 56
1896 60
1145 1826
1264 1027
1633 582
1348 235
1845 277
1691 1150
1733 1769
1271 7
1100 511
1775 488
1382 1645
1779 937
1125 387
1219 1322
1967 1810
1380 39
1289 1218
1167 400
1719 1245
1929 1251
1019 1061
1716 1578
1590 482
1740 918
1158 1938
1538 254
1191 368
1599 440
1404 1285
1586 871
1805 97
1501 1922
1804 1527
1325 930
1433 927
1189 424
1222 1695
1277 1286
1119 1074
1120 1064
1873 1874
1468 1216
1371 1230
1452 1889
1094 1353
1897 1497
1006 464
1191 707
1352 821
1778 139
1152 1494
1889 1599
1274 1548
1646 578
1505 1841
1984 1921
1063 260
1845 1185
1027 581
1471 1814
1829 1004
1302 1011
1999 1155
1401 1164
1190 196
1740 1157
1427 1486
1420 960
1015 891
1356 1772
1517 1654
1192 630
1316 1752
1893 713
1563 1262
1894 279
1790 711
1549 1857
1295 42
1175 1117
1883 1222
1171 1950
1494 1215
1768 1786
1637 1927
1699 982
1566 1205
1100 534
1759 1824
1007 1551
1284 1662
1547 426
1996 1167
1652 574
1374 1151
1122 1328
1213 1126
1222 1065
1270 1906
1092 300
1910 1308
1175 1377
1186 1716
1154 1300
1701 664
1991 1412
1531 80
1065 1730
1012 450
1225 320
1929 768
1824 1547
1009 450
1340 1710
1150 351
1172 224
1353 1294
1502 1798
1205 643
1697 1943
1673 575
1529 1817
1307 562
1147 167
1608 515
1879 436
1599 666
1374 1653
1402 1938
1096 1840
1609 1807
1594 122
1983 355
1214 1117
1420 141
1919 1319
1711 307
1371 502
1208 1682
1483 1149
1090 496
1115 75
1687 259
1861 774
1529 1797
1725 1546
1434 669
1276 1909
1264 1136
1153 1955
1098 775
1751 962
1482 605
1253 1005
1414 1198
1338 15
1469 598
1959 1708
1412 1332
1550 1451
1780 1585
1915 259
1275 169
1143 1617
1547 688
1732 1876
1536 522
1101 1920
1012 653
1453 1102
1325 828
1458 477
1396 376
1937 513
1022 1630
1268 1518
1160 699
1227 68
1470 826
1085 1905
1347 1598
1822 1316
1071 953
1434 1766
1637 1975
1425 874
1312 668
1750 1640
1204 386
1122 1260
1725 1067
1898 47
1951 1079
1727 812
1317 605
1987 198
1823 663
1952 254
1024 1423
1579 535
1453 1061
1561 54
1260 249
1629 356
1356 276
1371 1340
1927 1060
1361 109
1226 376
1228 380
1711 1821
1100 674
1051 385
1231 653
1666 782
1546 923
1314 1876
1224 1946
1312 890
1746 866
1247 243
1376 532
1465 513
1003 1577
1469 739
1413 1240
1073 1445
1815 1675
1963 144
1122 1054
1117 1772
1790 1151
1325 1732
1383 1774
1465 4
1947 1091
1511 900
1405 1297
1898 754
1695 1377
1741 526
1356 504
1687 1455
1397 316
1153 894
1459 1817
1492 489
1603 374
1296 680
1253 462
1742 29
1232 1907
1434 1841
1153 78
1503 1125
1449 93
1161 370
1196 525
1205 1897
1199 1416
1103 316
1556 431
1917 371
1323 453
1315 869
1780 274
1297 1766
1619 735
1004 1199
1052 1334
1368 1179
1263 710
1465 1707
1911 1283
1334 454
1910 1575
1300 1284
1305 562
1129 1243
1342 1380
1388 1400
1586 786
1090 583
1522 310
1676 730
1729 189
1271 75
1184 1073
1223 1296
1851 1913
1794 424
1803 117
1797 1189
1980 1204
1419 1112
1051 1824
1955 1723
1052 1480
1167 764
1633 819
1464 362
1699 1431
1519 242
1263 613
1106 325
1691 416
1211 196
1341 1635
1111 1374
1438 969
1276 1330
1979 757
1786 1492
1375 1569
1568 1892
1230 1717
1865 1966
1251 700
1194 1586
1605 882
1915 889
1875 478
1700 1210
1491 1993
1243 181
1609 129
1126 1466
1437 1839
1842 901
1814 1749
1653 998
1207 373
1398 1032
1072 1015
1508 1277
1561 783
1954 1960
1390 1758
1413 1692
1919 440
1533 551
1465 1593
1672 20
1835 1413
1346 1794
1353 127
1905 1535
1261 960
1615 127
1502 83
1948 1248
1325 260
1741 1653
1287 727
1195 1046
1020 822
1258 1990
1276 527
1325 468
1470 1817
1975 870
1047 1570
1767 546
1693 504
1899 42
1197 1747
1808 482
1173 1757
1213 1172
1213 1944
1992 1828
1938 1334
1553 932
1600 1730
1641 1372
1257 963
1980 436
1736 735
1283 1458
1250 1515
1030 1667
1051 1385
1134 278
1985 207
1059 221
1081 1595
1652 1200
1454 84
1043 400
1649 746
1108 446
1635 1936
1499 441
1398 837
1387 1912
1513 976
1315 1097
1103 996
1521 208
1192 127
1801 941
1640 963
1856 652
1046 542
1432 351
1357 21
1892 1420
1528 178
1661 376
1303 430
1171 923
1981 1539
1939 238
1694 1169
1132 1575
1820 411
1188 34
1435 1844
1318 90
1590 1401
1005 40
1424 1468
1862 63
1408 1835
1602 710
1153 745
1307 1360
1595 599
1088 554
1637 534
1124 827
2000 1406
1462 519
1265 670
1546 493
1836 776
1683 328
1702 556
1490 557
1114 867
1966 1454
1341 1477
1090 782
1457 1283
1041 1393
1137 1123
1562 1996
1897 262
1198 658
1269 1133
1505 808
1644 1374
1485 715
1759 1952
1326 774
1899 1039
1674 1647
1120 1525
1694 1426
1843 457
1765 1123
1114 245
1938 253
1918 1960
1884 1975
1917 544
1414 1627
1167 532
1189 218
1942 1043
1545 1116
1063 397
1414 1430
1804 1013
1964 1247
1740 711
1811 999
1855 317
1929 700
1193 889
1806 952
1377 1819
1982 1866
1357 326
1932 1705
1650 59
1796 694
1966 806
1234 1737
1676 687
1612 1414
1665 472
1782 1051
1953 1202
1402 942
1623 1565
1002 1885
1707 217
1989 1644
1568 730
1791 1725
1911 318
1824 587
1332 1380
1647 806
1037 1249
1917 1747
1671 1153
1873 427
1609 1966
1560 1667
1864 1644
1635 1913
1986 1733
1085 1463
1130 1318
1114 1568
1422 1491
1575 1414
1842 294
1602 159
1790 331
1863 1618
1198 451
1745 567
1578 944
1740 897
1664 1135
1692 1574
1295 239
1682 407
1443 767
1593 1633
1042 1260
1199 1354
1994 422
1392 1949
1696 1216
1729 1840
1121 1178
1164 1928
1974 286
1615 1573
1425 372
1835 1756
1014 1022
1501 685
1374 1671
1875 1308
1461 1371
1625 1206
1014 1277
1338 308
1449 1994
1125 737
1959 1173
1075 169
1696 1889
1370 850
1210 96
1265 1252
1064 1705
1617 297
1761 1219
1105 526
1041 1113
1096 1915
1719 1052
1674 1166
1431 1105
1888 326
1996 49
1275 1909
1079 1273
1008 1496
1197 220
1010 1920
1530 209
1429 749
1447 1163
1677 83
1860 41
1472 52
1810 1950
1860 1432
1716 1634
1648 176
1637 567
1851 1340
1067 1198
1315 1114
1947 227
1370 911
1830 539
1115 1836
1335 923
1245 1874
1757 1711
1506 181
1185 1885
1887 111
1037 1770
1767 1632
1269 32
1801 1936
1158 447
1553 1759
1990 34
1308 1812
1010 207
1789 1770
1715 671
1989 812
1709 1014
1102 1164
1672 582
1639 20
1295 643
1788 1542
1001 1784
1549 1456
1518 1957
1862 852
1590 612
1075 1481
1603 1293
1330 145
1174 764
1512 420
1580 540
1257 1542
1067 300
1425 1673
1113 1576
1912 894
1530 836
1841 1220
1996 1364
1356 543
1240 1318
1174 623
1906 1920
1611 328
1100 578
1629 1465
1585 1864
1351 1994
1613 593
1304 29
1250 1843
1615 885
1160 1421
1703 730
1744 1011
1030 1470
1976 1414
1412 1604
1744 1389
1011 922
1205 209
1096 1603
1712 1083
1499 797
1005 277
1958 1626
1620 863
1761 1986
1130 1375
1930 120
1587 766
1095 501
1239 1886
1941 1686
1658 943
1165 1056
1118 1089
1802 1055
1475 1555
1087 156
1568 494
1895 59
1534 897
1897 1221
1541 1130
1466 18
1016 1441
1625 1293
1336 28
1455 1002
1823 594
1285 1369
1695 952
1491 1040
1231 312
1179 544
1040 260
1614 1943
1528 1666
1669 270
1283 148
1816 1118
1464 1887
1290 1132
1747 1989
1585 1276
1990 1655
1691 286
1455 1978
1072 469
1304 593
1026 1614
1514 691
1305 1623
1478 1922
1424 1595
1339 188
1356 608
1779 1994
1311 67
1151 1719
1849 861
1552 1641
1325 687
1579 1553
1524 348
1738 964
1776 1844
1856 1458
1706 1467
1756 1277
1958 1235
1571 1888
1811 780
1467 367
1476 1460
1662 980
1182 1337
1093 692
1998 1498
1170 1398
1404 1973
1557 813
1627 515
1051 189
1061 1535
1843 227
1142 1601
1171 580
1212 479
1117 1788
1422 783
1713 347
1144 360
1395 913
1606 1325
1905 551
1268 1343
1796 418
1234 130
1904 1618
1856 1395
1498 987
1247 335
1613 1663
1618 1074
1755 1762
1260 880
1840 1187
1562 558
1579 1184
1869 748
1424 696
1424 940
1019 687
1524 911
1077 282
1240 632
1163 622
1802 1179
1861 1584
1961 972
1011 1101
1740 1318
1128 421
1425 155
1554 1706
1151 1678
1372 792
1584 347
1423 218
1348 1981
1757 463
1328 1310
1469 1282
1709 792
1480 848
1813 187
1416 1717
1834 239
1739 394
1424 368
1012 1889
1568 1510
1491 314
1985 1427
1331 1449
1156 1822
1406 1963
1227 1939
1885 1621
1555 1139
1078 1236
1566 167
1282 204
1604 1487
1094 1164
1662 1501
1479 331
1748 586
1600 1600
1598 499
1731 1704
1029 1337
1568 1662
1309 1449
1225 1236
1533 747
1545 292
1554 477
1490 1912
1389 1027
1259 962
1734 721
1225 64
1825 958
1251 1864
1801 526
1513 1051
1625 595
1730 1280
1015 462
1495 276
1923 170
1051 802
1691 549
1720 250
1283 61
1071 1327
1948 1667
1748 1579
1697 796
1559 530
1972 860
1353 1798
1693 1539
1111 1799
1154 451
1377 1245
1759 911
1701 1521
1390 1546
1436 1406
1392 1058
1879 250
1438 608
1326 229
1528 869
1578 77
1098 257
1658 740
1287 1364
1691 1220
1792 1069
1263 743
1695 1458
1600 1815
1687 1442
1639 411
1781 1880
1181 1590
1508 1734
1274 1531
1846 869
1282 405
1821 552
1322 896
1328 588
1066 177
1848 862
1565 408
1651 965
1378 16
1892 897
1365 418
1882 670
1496 1215
1919 1405
1941 1127
1450 1358
1867 1425
1349 633
1580 1156
1863 286
1316 952
1469 60
1873 39
1394 1673
1079 474
1796 1072
1475 474
1259 621
1089 1793
1014 317
1155 99
1413 1855
1503 1930
1046 444
1821 1268
1196 883
1097 1693
1663 455
1684 17
1961 1018
1738 1532
1677 1257
1313 721
1111 1960
1991 1705
1987 317
1401 897
1862 552
1117 1315
1225 1911
1508 1501
1983 913
1211 1340
1123 23
1702 378
1073 1914
1739 404
1789 962
1364 558
1647 1124
1352 1891
1894 342
1205 1658
1048 1439
1953 1194
1779 1025
1629 1512
1415 317
1119 37
1714 1258
1023 1092
1957 804
1636 172
1122 90
1943 1206
1453 312
1947 1109
1469 1490
1325 1640
1672 1145
1633 535
1085 603
1120 1742
1185 1844
1417 1642
1569 1555
1166 1989
1642 1197
1057 600
1118 764
1266 436
1135 1817
1097 1620
1050 966
1783 560
1462 1037
1099 1690
1235 1234
1385 318
1878 1419
1318 1736
1124 159
1230 1304
1756 1042
1788 768
1461 1646
1666 1539
1219 564
1876 274
1049 1343
1185 1027
1368 1512
1663 1700
1432 1705
1151 1576
1970 1254
1442 1154
1011 459
1910 1485
1114 309
1813 1599
1028 349
1897 146
1934 61
1485 1808
1543 348
1367 434
1069 738
1584 1363
1394 565
1395 1475
1652 1002
1285 775
1311 1956
1466 318
1779 1017
1946 1121
1359 1616
1636 1090
1611 1343
1481 1995
1688 816
1080 1863
1537 1896
1074 1614
1117 513
1960 1167
1841 1715
1581 1141
1363 857
1674 1519
1394 1584
1962 868
1803 79
1807 220
1216 1147
1277 563
1302 126
1269 1067
1324 860
1020 1007
1007 244
1516 1353
1551 1160
1476 1406
1902 61
1613 399
1674 367
1427 747
1332 873
1169 503
1517 1841
1673 726
1606 1636
1934 818
1834 192
1242 1882
1987 1876
1090 1934
1806 516
1641 26
1734 1203
1352 396
1985 1967
1885 839
1566 433
1271 1980
1999 403
1085 773
1696 951
1152 875
1494 261
1301 477
1412 574
1827 712
1922 1493
1490 1930
1168 366
1520 853
1174 974
1748 1907
1205 694
1642 437
1832 466
1785 522
1730 1610
1921 425
1631 81
1156 297
1121 1856
1145 688
1913 1122
1954 1117
1330 794
1666 1558
1929 864
1876 1948
1818 1635
1376 1745
1751 1118
1489 1266
1726 1146
1451 1534
1856 589
1909 1265
1821 421
