2000 2000 570596815
1802
908
953
1457
1333
412
1692
1504
1769
1097
380
1295
21
1589
612
1603
924
1446
1690
216
183
1372
1880
935
1007
302
753
1692
535
1394
169
450
427
796
1166
1176
1908
145
32
1868
1688
1598
572
875
1966
559
1375
1705
1460
1227
642
947
541
1030
1529
753
915
1880
1632
180
1161
1981
97
1621
1171
313
114
1322
1506
1933
944
1208
475
157
723
1510
74
1597
1492
1313
596
1142
1598
830
494
194
1784
373
736
28
288
1443
1179
1039
1147
358
402
433
1547
924
248
123
1201
1454
1622
68
1204
415
934
1273
159
1157
937
307
608
531
904
836
464
1911
1201
81
570
137
275
1914
683
1818
1562
57
768
220
1980
474
1201
1614
374
422
339
1307
1004
1817
1692
908
1708
596
1350
636
1144
989
510
1669
317
1736
1177
1861
2000
1711
1942
693
1100
569
1494
525
1183
1166
1050
865
1301
291
164
1373
111
303
1238
924
1949
742
908
895
2
857
1931
1881
1199
513
1264
1522
560
543
1463
818
506
1373
715
1131
998
29
1997
1333
798
1656
120
733
29
1731
408
1025
1108
1431
161
1399
1786
1097
611
1531
1615
1608
23
222
725
556
155
721
537
109
1295
1148
1089
154
400
1887
810
1077
202
193
506
226
1801
1301
352
1184
316
998
1142
1163
130
531
1705
570
1194
1553
1578
1770
640
1153
687
126
560
1091
1738
278
1197
643
550
1935
1300
4
1706
1418
1208
1886
4
1
476
1448
1243
40
1716
838
909
1772
788
680
517
1763
910
1203
945
1105
1419
773
1690
1986
1124
218
1889
391
623
1940
365
204
1711
1282
952
1496
1350
1359
1864
72
1205
732
953
1135
1558
45
1501
639
6
1957
1
763
850
525
386
418
1135
759
993
1843
1135
1993
1145
1037
152
329
496
962
1813
1991
756
1246
560
791
321
1831
1134
41
117
1494
551
572
1160
1985
1405
1133
364
1530
196
1386
1281
395
1841
479
1262
1909
153
1883
1044
917
1368
1481
96
124
1595
562
1086
1808
319
324
1684
891
269
651
1482
1494
760
247
1910
1046
1219
144
1248
1471
1296
1856
1445
447
1466
1887
360
522
1022
927
1576
64
1113
531
1911
1318
1659
698
180
465
414
1755
1494
349
1192
1988
1104
525
687
1695
799
544
1933
688
864
1947
1325
1458
428
807
681
1529
31
1480
1280
1467
663
456
1715
1350
872
1728
1010
357
1442
697
168
382
988
935
112
1588
614
1684
1478
550
69
1332
1509
16
964
102
975
435
1756
572
348
499
1109
255
283
1462
1742
1897
1346
279
923
1494
1880
1116
912
661
755
328
328
644
1984
1873
379
967
483
265
469
101
1618
1283
1782
425
270
368
144
1561
881
1989
1206
852
1468
998
899
247
525
1651
495
269
1218
1718
600
1024
53
1462
1426
87
928
88
1233
4
593
1002
1358
191
1312
1257
1295
1457
1236
997
1765
1609
1699
1751
1221
858
1964
843
269
626
530
1006
47
1958
1769
1934
795
239
556
961
80
1207
576
1114
56
1198
1663
1
4
156
272
506
215
1185
1945
1099
1044
1135
25
1360
578
521
1553
1963
1428
896
72
1124
605
184
1098
634
1485
881
569
333
371
1433
656
985
1938
1700
569
794
1133
694
354
1721
481
70
649
125
938
890
1969
115
1552
1686
1796
233
1997
1166
1721
211
164
752
128
1230
1441
76
1083
7
275
953
592
813
1265
1187
1639
1869
1450
367
1073
1
860
1096
342
1439
1915
988
1577
1381
1298
1498
386
900
1149
1926
461
419
1225
941
1755
177
1665
1317
1053
209
1175
1173
618
233
1433
769
1201
1930
972
1329
731
1928
806
1066
428
667
754
1983
388
966
1453
1607
84
1679
1644
1590
1840
1356
1081
1767
1260
934
1269
729
1040
852
170
765
671
1825
1979
666
1778
142
999
256
574
1389
573
1922
1241
1490
961
1992
421
594
1136
86
878
467
1750
728
1919
1498
327
1684
682
607
1226
791
1963
966
1933
1342
277
346
252
1079
127
92
1215
1760
1494
989
783
989
1631
1902
749
1729
662
937
1133
1726
1756
1755
946
954
1655
1014
1948
848
304
1227
708
1451
1035
621
808
1124
1491
1727
341
984
68
1981
18
1086
1231
711
1239
322
198
1619
726
1951
336
233
1675
1796
278
27
246
935
312
1315
758
243
413
357
1409
151
626
1392
1759
895
348
460
862
1275
1135
755
1004
1495
1397
201
1958
38
1867
1568
1497
970
1516
1800
187
1476
327
4
98
144
90
1350
359
1210
1348
1878
322
924
1795
1185
1916
1773
157
11
1917
1753
960
274
971
1969
519
397
1224
1183
490
1739
1952
965
727
1554
376
1680
1244
1391
702
1534
880
1447
116
1051
648
1494
1849
734
1191
1508
691
1676
696
63
117
1305
1504
48
414
1568
409
221
150
1165
990
1309
1052
790
1163
514
1172
887
166
1625
955
719
274
1456
1263
285
600
1838
1153
1190
1167
320
1015
531
1467
827
1291
1407
752
1888
1141
286
1592
287
593
1409
1353
1
953
463
1345
907
1345
1185
1
343
1253
717
105
1893
1163
4
973
937
1019
1601
18
1482
1202
743
237
1482
596
1571
791
114
1111
699
1282
951
956
212
902
767
1735
622
39
77
739
1722
1011
1129
1942
1777
264
233
1975
1592
10
1378
928
1686
1541
1279
1003
185
1142
355
1516
550
1789
791
1643
1220
569
1700
690
1029
1681
1977
381
1741
1680
509
634
747
1634
461
684
1685
532
870
793
679
229
817
180
1983
1135
1417
1205
762
1821
227
1180
518
1978
1425
1820
1072
1899
10
111
753
274
1888
1960
1533
938
1384
182
1348
1484
504
1028
1824
1049
1135
14
1092
1057
1711
441
1295
566
1041
897
1195
94
1433
1363
1140
192
377
1361
703
334
837
411
1882
1936
103
1452
1850
1860
1717
1910
210
1880
491
1272
1087
961
1777
145
343
567
924
1209
833
1222
1874
1861
1505
507
1954
1529
1097
1159
797
1545
709
1118
282
1570
121
1338
1217
1887
1455
485
1922
837
1539
867
11
52
46
1872
54
1383
874
311
1717
1314
634
959
1282
1033
1245
1538
1830
1711
1660
366
1319
1124
1816
1913
437
452
944
1850
143
382
1038
100
837
1542
1380
672
1877
1356
274
147
1150
614
1314
1623
1473
937
996
1821
1677
689
1769
1650
1658
178
668
1515
771
630
937
824
580
1347
1237
18
1743
529
577
200
1205
1596
1955
1504
598
678
1373
614
483
825
144
337
112
625
1337
114
1344
1579
1587
1702
1863
969
1526
957
1748
1731
1133
1328
1163
1416
394
146
1369
1891
924
1415
604
1756
1853
1745
1557
246
677
1649
1420
1593
79
306
1103
764
550
1376
78
13
292
65
325
305
1130
1874
506
532
1246
1316
1806
645
1297
1940
602
1696
139
203
781
742
866
8
34
998
659
1205
1692
1516
637
784
595
614
322
298
1152
144
1056
1018
1990
1958
246
617
1133
183
1968
37
1565
924
275
923
631
1402
953
565
1494
1953
950
701
244
799
837
24
332
1869
1294
232
1932
506
1695
1366
986
93
1465
166
1786
56
519
1122
1605
428
369
1697
1423
753
525
776
709
1498
1470
1671
922
275
1295
1351
752
748
1122
281
490
908
1511
1258
871
1205
1266
686
919
33
170
937
789
19
628
532
1904
1247
684
524
586
819
1844
901
1469
1963
1501
523
998
1737
564
704
20
626
803
654
913
1786
1548
1364
343
1761
214
566
1633
932
994
1240
1752
197
675
474
1080
271
1350
937
1790
1211
989
1200
1707
418
1823
1814
1183
63
1785
1249
1963
980
461
995
1734
1983
828
188
1012
309
361
446
931
597
26
1870
1285
1758
1055
424
147
1568
1839
1832
1544
1694
1637
1606
506
62
987
1268
1566
1139
638
1860
1409
1488
873
1629
1076
583
835
1271
36
1662
695
378
332
25
1429
1341
1365
1803
314
914
1812
1460
482
516
1336
1556
407
554
1026
1435
1462
1599
1785
837
240
276
99
585
1598
1822
867
925
1943
1976
1762
4
439
1971
1500
1801
1
217
1655
722
1507
1910
440
738
165
961
1292
30
1401
1304
1404
242
710
170
275
300
438
387
18
1594
1886
1628
300
1374
560
1433
1409
745
1475
1308
585
840
842
1719
626
951
13
134
1937
1441
1119
1110
1127
512
224
936
1457
339
1744
884
1411
610
245
869
1804
903
965
194
877
552
1519
1608
933
1352
277
1827
560
189
1183
1592
1348
1559
112
893
15
1950
1788
1154
1251
436
582
1756
706
1569
1362
1078
299
778
1299
836
487
1437
405
1008
1075
800
138
485
1067
12
1249
1827
1652
1471
951
1355
553
1181
763
1901
151
297
1982
231
647
989
457
1367
175
1315
1821
757
533
1183
1223
888
149
1418
1687
1923
497
844
797
762
1709
236
498
274
1120
1946
1074
1357
797
1910
1692
1175
1898
1535
398
1771
1915
950
214
1638
898
547
1546
1393
1961
1581
1704
1507
558
339
1711
946
1906
68
730
1819
961
1678
948
926
505
1989
1117
635
310
864
1607
953
1068
167
1746
722
1116
1963
852
626
1582
1918
961
502
1563
101
712
106
774
142
124
571
964
35
1414
845
1427
1667
418
1754
1668
1964
280
383
274
1896
1273
1118
1942
1409
1288
357
669
752
1924
770
1793
63
1695
616
634
568
810
1293
95
582
1138
1256
331
1267
1927
856
1126
1617
701
478
340
633
722
685
572
1424
1
126
386
549
1680
1673
1612
1171
775
1346
1964
148
591
852
1315
1169
1543
268
314
1934
1866
214
166
1354
1735
456
1777
1725
126
1021
551
626
294
1143
1243
563
896
1700
1036
1082
1235
72
822
542
176
1058
1695
85
429
501
849
1023
1343
1794
656
1346
24
613
208
1378
414
1616
857
780
1720
444
1272
981
1551
335
551
162
1295
1751
1092
724
1602
1333
1234
1888
1065
238
1640
1178
737
67
1186
1494
1712
60
36
1307
1560
410
1009
1471
1027
1118
1987
977
506
1273
183
106
1886
989
1730
802
882
1620
531
259
1740
347
1315
432
73
1634
1959
1057
1155
1278
536
750
570
1717
356
295
1854
1457
844
144
924
1958
406
961
1213
1875
1998
1253
787
653
230
1524
1459
589
158
938
1308
1723
396
992
1243
442
1189
1494
167
1885
1474
939
1592
1701
311
540
129
655
746
39
1892
261
1964
1430
225
1438
935
1921
399
404
569
852
339
1627
801
58
582
928
1720
1801
171
1711
1261
1915
284
1259
823
417
448
1994
1156
1302
1034
1333
534
1983
1613
1826
949
1276
114
1346
582
108
1356
1232
614
1860
720
797
1295
1399
1422
905
1327
1661
876
305
166
1799
1348
739
1693
590
930
1610
1163
1749
424
868
133
652
593
1777
863
431
426
526
1842 1617
1325 1194
1538 1943
1493 1377
1580 1090
1091 1713
1057 521
1189 789
1944 1700
1650 1910
1512 58
1530 337
1962 414
1879 1925
1286 1730
1867 117
1493 722
1479 1319
1792 1369
1445 1243
1872 1136
1671 1305
1796 451
1136 1894
1597 583
1565 1774
1995 178
1626 1803
1726 247
1660 1996
1482 1939
1813 986
1810 284
1626 1030
1760 693
1383 1512
1073 284
1821 579
1570 1603
1930 768
1521 289
1878 1249
1827 667
1056 64
1926 267
1659 819
1946 896
1422 228
1832 1902
1269 732
1776 965
1851 222
1105 1417
1756 1470
1977 1448
1889 1605
1937 204
1402 478
1532 1306
1934 481
1765 1375
1639 346
1562 36
1504 673
1548 1966
1168 637
1940 971
1815 447
1789 1804
1062 1028
1863 1725
1374 806
1459 1672
1416 553
1006 838
1624 558
1304 1946
1902 914
1751 925
1063 359
1391 966
1020 1959
1514 1662
1996 1870
1344 1493
1243 1310
1284 414
1567 1741
1058 807
1681 996
1412 943
1919 1593
1298 972
1966 928
1189 912
1124 1902
1374 111
1230 258
1178 363
1214 209
1076 1563
1828 590
1202 1507
1028 248
1540 1818
1290 1781
1118 1638
1323 1165
1823 760
1005 1362
1324 1917
1112 1915
1612 1264
1171 1933
1023 1371
1997 1658
1341 1807
1201 194
1152 1323
1541 635
1419 598
1419 1389
1750 1850
1511 422
1685 319
1301 1324
1096 934
1421 904
1958 499
1126 1945
1062 324
1592 1263
1083 1822
1191 540
1476 1974
1193 1633
1039 159
1552 733
1269 1657
1344 1121
1976 1062
1728 1528
1793 1027
1592 870
1897 1732
1578 1059
1166 1806
1747 436
1736 1112
1113 1629
1282 129
1757 1117
1426 375
1465 1575
1058 1412
1066 399
1525 1094
1870 201
1123 1645
1910 761
1824 216
1660 628
1231 1669
1718 499
1272 1372
1117 495
1702 1413
1169 715
1069 1088
1636 193
1973 965
1545 223
1622 365
1584 797
1931 336
1611 1257
1543 839
1008 1933
1502 332
1966 517
1850 234
1280 576
1259 1342
1902 598
1394 1140
1836 1833
1337 1349
1815 1311
1930 736
1410 1191
1092 1276
1180 1455
1982 671
1268 1091
1317 1553
1711 964
1632 417
1799 455
1220 1515
1913 897
1809 1689
1880 1083
1807 1774
1061 1057
1056 1807
1193 334
1134 1376
1560 216
1663 433
1828 1378
1608 112
1393 1119
1975 647
1823 447
1434 974
1327 1204
1499 1970
1621 467
1225 1374
1866 1269
1607 1823
1673 1014
1809 667
1454 1087
1946 1224
1622 1829
1024 1976
1459 788
1551 1204
1042 914
1402 910
1964 1502
1385 640
1269 1509
1804 1375
1394 1117
1740 1017
1235 1206
1894 1533
1453 801
1278 1653
1355 1474
1764 1199
1949 757
1111 1265
1038 1282
1286 1160
1234 258
1999 1488
1500 865
1926 983
1013 1107
1765 1207
1075 1368
1489 1414
1452 1807
1673 1359
1219 1565
1353 507
1427 1272
1549 363
1203 778
1038 1886
1755 1695
1854 1929
1393 905
1795 1237
1974 1721
1237 995
1052 1389
1547 557
1300 1809
1941 1969
1059 1261
1725 1546
1438 79
1889 489
1943 504
1307 1441
1833 1719
1105 1414
1209 1846
1385 722
1512 720
1699 1
1735 1856
1546 616
1749 1963
1635 1682
1176 1911
1657 1784
1091 1653
1835 1599
1753 633
1052 907
1252 1304
1114 1424
1066 1983
1510 1833
1081 813
1655 731
1001 616
1672 1267
1345 854
1409 28
1732 1351
1100 1278
1081 1574
1440 1521
1543 622
1716 1842
1819 1210
1710 1996
1562 1394
1476 325
1209 1976
1310 993
1246 1923
1809 1549
1400 1516
1015 1077
1857 1409
1710 287
1173 156
1742 825
1532 477
1078 1474
1137 741
1538 880
1698 1071
1699 1388
1447 159
1036 1517
1868 376
1104 1141
1715 892
1709 868
1529 1924
1831 662
1272 828
1431 1536
1107 389
1503 867
1753 1516
1443 332
1828 1946
1026 1650
1206 205
1908 386
1753 327
1735 1965
1765 961
1858 1613
1893 1980
1087 1704
1774 898
1609 205
1419 1300
1488 563
1738 393
1499 1352
1400 657
1302 225
1145 599
1761 1290
1620 813
1034 1222
1127 903
1549 859
1049 627
1835 1142
1202 1674
1562 1794
1322 1762
1049 121
1554 716
1234 818
1069 615
1770 270
1541 1035
1924 1954
1182 1053
1344 841
1008 1764
1298 486
1247 1409
1292 264
1421 806
1153 688
1353 1874
1367 1530
1493 711
1382 1385
1592 1333
1232 1501
1107 1588
1306 1566
1223 523
1623 1960
1517 1187
1926 627
1615 223
1986 1149
1341 1197
1062 1026
1529 1955
1505 627
1496 1553
2000 290
1022 1873
1259 1751
1676 503
1278 1166
1267 846
1340 1476
1736 324
1628 1663
1289 1902
1181 259
1052 621
1740 141
1739 1794
1950 1927
1433 1022
1202 697
1831 1412
1532 758
1702 251
1308 1559
1105 603
1171 1134
1492 1640
1271 1126
1881 764
1639 1423
1192 19
1012 15
1139 292
1267 1252
1229 1605
1248 615
1335 1267
1948 107
1602 660
1803 754
1895 1325
1627 345
1093 279
1394 1853
1284 727
1603 1609
1179 1757
1063 1288
1458 1636
1220 1492
1801 112
1778 1554
1057 1156
1627 1823
1848 798
1909 465
1947 52
1215 859
1502 380
1329 924
1939 132
1526 1775
1310 965
1613 401
1044 1830
1092 1131
1339 1555
1636 118
1035 1674
1004 417
1133 1341
1480 1219
1624 832
1678 1702
1319 52
1234 438
1791 1283
1162 1116
1640 765
1476 810
1401 1917
1184 525
1362 452
1604 1782
1243 991
1801 660
1925 1947
1289 1195
1667 751
1657 407
1845 103
1498 1136
1462 1151
1729 687
1779 1707
1072 1845
1037 583
1374 551
1835 1712
1072 954
1529 79
1540 1337
1012 1489
1042 1593
1774 576
1674 1224
1561 1227
1587 1996
1091 1102
1937 715
1406 1616
1792 692
1911 1807
1435 209
1608 1456
1252 1384
1810 1226
1814 424
1723 436
1131 944
1026 361
1895 1271
1475 536
1940 883
1829 1373
1605 1809
1642 1287
1089 1288
1911 1469
1596 1991
1632 891
1330 956
1628 1205
1470 1600
1301 760
1494 528
1156 1821
1332 1372
1549 851
1118 437
1050 327
1553 856
1038 858
1553 341
1684 307
1214 1639
1800 1425
1510 1098
1942 1257
1975 1006
1989 357
1376 1623
1407 1646
1964 580
1161 985
1822 1426
1297 120
1389 790
1631 1629
1029 56
1924 1503
1650 308
1640 590
1321 1701
1493 1163
1844 246
1765 1503
1912 30
1696 1637
1038 1968
1659 1867
1556 1550
1444 30
1270 626
1127 1588
1624 1596
1555 801
1760 1989
1589 1819
1675 373
1153 1228
1308 826
1170 1024
1678 973
1767 1054
1713 1419
1041 1869
1800 1477
1437 116
1606 697
1684 1420
1198 1646
1274 1337
1329 1155
1459 692
1976 160
1196 1000
1172 1326
1586 383
1922 1770
1010 1698
1458 506
1986 1420
1580 655
1946 1063
1916 1975
1867 822
1865 196
1706 5
1338 823
1291 1012
1133 1698
1777 1519
1301 1769
1451 1439
1903 1077
1472 1346
1835 864
1847 785
1558 847
1521 384
1355 1870
1474 1960
1018 1774
1448 556
1028 1342
1852 244
1666 988
1344 593
1648 1720
1625 359
1643 1429
1560 960
1937 948
1642 342
1434 1541
1429 465
1910 1065
1973 258
1463 1731
1038 1157
1591 857
1784 1018
1997 992
1514 1414
1192 1234
1628 1080
1827 1262
1250 1229
1364 1864
1977 1497
1894 530
1313 1236
1606 1749
1087 1890
1323 147
1168 209
1794 657
1121 1082
1617 1773
1262 485
1918 1694
1905 757
1323 1797
1934 1170
1255 1656
1074 1517
1361 317
1111 1534
1130 24
1340 1313
1222 867
1554 1542
1268 1046
1587 393
1779 1984
1152 808
1997 1382
1021 1071
1520 21
1932 1026
1364 1452
1387 978
1581 907
1456 774
1785 977
1308 939
1288 289
1716 1173
1986 1527
1086 384
1004 149
1997 1242
1919 1852
1395 343
1732 611
1872 1321
1704 100
1899 188
1365 1965
1023 451
1761 1750
1363 1347
1625 184
1594 1725
1085 1105
1288 1183
1507 1483
1075 520
1497 1886
1848 82
1733 1640
1038 1277
1467 4
1283 1839
1762 1565
1989 248
1009 47
1730 354
1733 330
1335 1184
1428 1551
1679 1692
1340 1033
1493 712
1961 551
1267 734
1024 894
1619 529
1284 685
1410 522
1292 1088
1929 1193
1732 109
1784 1151
1455 1926
1033 348
1616 1281
1862 1153
1324 882
1698 913
1197 332
1270 134
1889 175
1349 661
1972 1847
1189 727
1353 1201
1541 1467
1950 1292
1282 5
1512 653
1436 919
1067 1336
1109 59
1873 121
1226 780
1697 57
1153 292
1014 1418
1181 532
1271 63
1800 1589
1547 43
1299 37
1311 1641
1375 1498
1974 916
1553 126
1172 1594
1454 688
1919 1629
1933 1586
1454 14
1337 1477
1757 1081
1474 1799
1884 338
1840 988
1878 1967
1494 1861
1116 1321
1899 1547
1053 308
1123 1959
1542 665
1684 1119
1667 80
1028 671
1369 328
1663 1017
1569 1077
1689 1187
1042 1327
1368 531
1615 359
1920 149
1204 1697
1305 499
1060 303
1032 1639
1209 891
1483 1641
1847 1469
1941 1036
1672 108
1829 1684
1856 1314
1798 1257
1767 1614
1487 176
1879 1669
1503 22
1453 1530
1995 325
1788 775
1579 446
1444 155
1586 460
1848 808
1373 1480
1525 775
1537 1374
1540 370
1954 353
1845 1592
1769 1833
1200 1772
1060 942
1604 291
1789 1279
1383 1632
1946 184
1853 1953
1806 1351
1401 193
1077 1138
1511 749
1570 825
1856 1262
1488 384
1214 998
1160 82
1221 1146
1912 1697
1377 697
1877 802
1273 721
1921 1534
1607 911
1238 1798
1719 1563
1369 1441
1328 1037
1912 326
1559 433
1958 1625
1144 1151
1825 1795
1946 1951
1322 1349
1708 408
1307 895
1238 998
1145 1654
1720 417
1329 1174
1593 1844
1941 1898
1435 1068
1849 171
1407 283
1135 1330
1801 976
1433 1791
1014 1254
1243 1681
1366 1107
1467 788
1505 533
1090 1949
1084 1114
1411 1808
1111 1730
1244 1440
1671 55
1482 1922
1903 1796
1275 1000
1166 1333
1490 99
1779 226
1776 547
1444 28
1887 1711
1547 1588
1930 937
1962 1556
1423 1055
1977 1758
1365 463
1794 15
1288 1372
1982 1178
1602 1270
1502 387
1735 634
1883 1653
1221 929
1476 1524
1796 1839
1714 1741
1512 295
1101 417
1199 1755
1053 646
1783 1189
1152 1953
1478 975
1047 199
1461 192
1558 139
1503 1308
1300 325
1896 484
1599 130
1656 1462
1098 1782
1826 1794
1486 1018
1359 1461
1328 1985
1153 1921
1304 252
1240 439
1589 853
1110 72
1363 1935
1172 808
1002 523
1084 140
1819 1790
1424 662
1745 175
1806 1967
1017 765
1027 1594
1105 1635
1378 1780
1897 1187
1862 14
1026 703
1955 1928
1021 447
1875 1378
1570 1905
1048 1690
1161 1774
1822 371
1263 1714
1256 1527
1795 1697
1755 1636
1873 1036
1289 1604
1295 1163
1195 506
1456 1227
1047 857
1900 1358
1078 1430
1712 822
1022 462
1706 636
1958 397
1005 987
1133 592
1599 1636
1808 1591
1091 794
1228 1498
1220 968
1961 290
1554 487
1791 1934
1050 588
1115 693
1193 43
1693 1249
1795 89
1420 706
1231 291
1398 709
1837 416
1613 1196
1781 186
1497 391
1599 455
1748 1489
1042 881
1004 262
1349 665
1752 941
1830 881
1083 1672
1802 1506
1591 1941
1278 1273
1256 450
1395 1092
1936 345
1985 1241
1547 140
1246 117
1278 1601
1884 664
1745 405
1476 1265
1307 1251
1531 1723
1090 311
1933 1270
1224 572
1597 642
1719 1137
1431 1144
1588 499
1225 817
1184 1148
1148 1831
1168 695
1036 416
1082 1265
1440 832
1666 1313
1269 871
1022 1184
1138 103
1733 839
1068 223
1022 1659
1338 1870
1813 154
1687 497
1899 1204
1527 1817
1315 502
1694 831
1330 1255
1223 22
1126 1876
1795 888
1483 1736
1533 1615
1026 1513
1860 1100
1630 1534
1382 696
1732 1879
1353 972
1549 1126
1054 1225
1294 689
1330 437
1273 788
1073 1915
1590 1855
1968 117
1009 293
1244 668
1133 625
1875 976
1598 387
1405 941
1564 1738
1674 185
1029 1224
1424 566
1232 1327
1033 54
1930 1098
1451 1041
1169 1853
1320 32
1490 1753
1931 662
1323 135
1901 460
1184 1732
2000 494
1580 874
1598 428
1027 1321
1466 1104
1613 848
1651 177
1181 910
1092 734
1749 1585
1108 700
1664 400
1056 1938
1420 1632
1650 1924
1575 1180
1865 1195
1767 1162
1850 1033
1373 1854
1820 569
1662 1260
1408 1558
1373 1057
1706 1766
1385 65
1046 363
1156 394
1211 509
1471 1005
1306 419
1655 385
1802 437
1794 570
1602 1702
1167 1651
1979 1859
1854 907
1883 1612
1308 761
1211 521
1553 971
1362 1772
1463 617
1069 1052
1371 425
1449 1360
1563 772
1801 1531
1857 1576
1638 1099
1157 18
1727 1639
1029 117
1379 272
1588 257
1846 1269
1816 1166
1864 1815
1305 135
1186 1158
1751 588
1564 1584
1072 1556
1253 1370
1815 1528
1978 1102
1187 1941
1901 483
1860 65
1087 920
1062 402
1010 335
1958 1787
1344 735
1338 362
1466 74
1598 948
1665 911
1559 1303
1224 1586
1868 1472
1630 36
1189 629
1812 831
1299 1625
1083 1451
1180 1708
1851 1599
1936 133
1330 540
1845 1110
1918 819
1410 26
1644 1377
1004 1097
1217 918
1170 1601
1279 91
1390 1711
1574 609
1779 457
1865 607
1229 187
1727 191
1515 897
1366 312
1002 1963
1404 1238
1055 438
1909 1594
1209 1528
1578 253
1226 480
1273 1897
1478 540
1242 1744
1405 30
1843 195
1945 1821
1537 1319
1088 879
1930 600
1014 1581
1119 915
1383 1807
1326 460
1001 6
1681 1994
1206 1937
1033 1161
1736 1972
1751 671
1645 1498
1811 316
1753 1234
1999 493
1427 1145
1728 256
1104 676
1555 911
1142 1141
1801 89
1079 1604
1271 1672
1755 1697
1083 1187
1428 1330
1237 38
1505 994
1655 553
1027 703
1448 64
1957 21
1191 1183
1894 1703
1200 1121
1158 559
1295 562
1083 893
1369 1104
1368 192
1729 906
1408 512
1711 1081
1506 1634
1676 1657
1556 1221
1183 913
1215 362
1249 1672
1396 1152
1659 486
1523 953
1319 687
1948 200
1292 239
1193 448
1794 1983
1320 1200
1555 1915
1192 1836
1711 773
1273 315
1534 1742
1582 447
1453 28
1924 932
1020 1128
1168 1556
1916 1323
1149 1098
1855 579
1988 152
1861 1973
1328 1766
1062 203
1175 349
1291 799
1756 831
1321 1172
1909 1414
1120 1174
1818 788
1337 1009
1892 1819
1373 1941
1490 1089
1290 228
1081 1517
1569 1430
1032 667
1908 1031
1131 1947
1487 642
1963 945
1125 1250
1582 1114
1396 1803
1622 286
1466 22
1459 1234
1648 157
1929 1301
1846 786
1544 1955
1678 1487
1032 217
1548 1135
1832 1352
1954 121
1337 770
1489 1
1024 588
1109 1000
1287 1031
1683 1497
1509 247
1483 1258
1947 554
1543 24
1171 223
1556 1777
1269 1636
1331 1793
1056 734
1910 1181
1507 1771
1740 1457
1253 1421
1960 1922
1037 586
1842 1797
1953 471
1827 1644
1812 1735
1453 841
1922 592
1238 1994
1042 454
1812 173
1446 1788
1593 1900
1051 917
1338 180
1247 1186
1056 1918
1856 307
1524 1771
1392 1261
1946 742
1015 843
1814 1761
1769 1304
1612 1293
1850 1167
1218 1275
1540 1907
1171 885
1687 1003
1417 1404
1321 1724
1400 449
1696 1305
1247 1435
1286 613
1187 1960
1651 582
1607 763
1372 88
1759 1511
1817 1346
1491 1966
1673 1209
1055 1720
1105 1637
1121 1966
1147 1182
1730 469
1842 613
1409 819
1715 747
1930 1818
1863 1479
1574 943
1721 1469
1034 1619
1029 203
1481 1266
1161 166
1873 1863
1144 1715
1566 70
1957 1164
1800 1239
1708 1795
1065 695
1419 1190
1544 1182
1861 697
1315 1472
1449 141
1372 489
1104 554
1446 1776
1475 1545
1508 767
1046 440
1981 19
1437 1955
1656 488
1467 858
1285 1906
1641 1720
1565 435
1206 1100
1795 741
1073 333
1094 1059
1317 1686
1548 1727
1134 772
1309 1248
1430 629
1668 1852
1917 151
1586 1750
1059 657
1287 180
1546 1139
1444 669
1343 1827
1798 887
1370 862
1188 1099
1043 16
1888 1206
1437 582
1419 1951
1541 62
1125 250
1634 1124
1825 1748
1538 1982
1790 266
1405 1622
1727 522
1520 1749
1227 1030
1285 1274
1886 1899
1052 1222
1466 1948
1890 1052
1281 1073
1950 1967
1651 1387
1462 1800
1392 353
1269 1216
1339 809
1646 1764
1156 1770
1786 1432
1661 493
1343 214
1853 258
1552 274
1566 1113
1492 1359
1666 1565
1106 1032
1150 1027
1426 1734
1914 448
1194 639
1062 941
1629 624
1563 1317
1887 1045
1861 1442
1635 421
1610 5
1986 1660
1115 227
1180 1643
1489 450
1097 934
1932 731
1834 1418
1591 437
1082 616
1438 1439
1320 213
1711 1157
1349 759
1850 272
1955 1295
1632 840
1014 771
1529 1969
1712 208
1182 865
1026 1878
1893 649
1361 732
1974 55
1803 693
1549 855
1236 742
1754 586
1718 1887
1860 417
1226 622
1269 1074
1535 949
1753 97
1632 1488
1165 336
1596 843
1311 1887
1184 723
1534 278
1703 602
1641 1944
1060 828
1876 382
1558 484
1829 1613
1153 767
1254 280
1428 276
1205 1846
1629 1014
1540 1389
1761 390
1836 96
1745 924
1485 1978
1895 1901
1689 399
1521 1365
1905 940
1422 171
1442 1637
1617 77
1247 1656
1348 247
1317 468
1253 556
1641 985
1560 469
1513 145
1100 1334
1543 1772
1467 1487
1919 717
1555 351
1865 1900
1894 1338
1798 1619
1062 1731
1354 932
1777 834
1273 431
1545 662
1148 285
1195 329
1463 592
1446 1550
1354 61
1614 1572
1679 1664
1462 1924
1636 1242
1830 90
1440 1175
1637 1945
1676 1426
1572 26
1232 155
1896 1200
1166 1353
1526 1184
1656 1219
1269 706
1855 1896
1991 1581
1118 1167
1083 987
1222 497
1468 260
1254 984
1268 1582
1804 1092
1572 1824
1483 946
1140 746
1858 1922
1110 502
1673 1434
1560 820
1778 779
1076 146
1739 53
1665 902
1229 67
1569 955
1264 1589
1865 1198
1821 1057
1224 8
1321 200
1185 514
1369 1954
1643 655
1822 357
1702 347
1171 1447
1227 219
1808 512
1649 1066
1093 1037
1969 1100
1278 856
1442 30
1306 135
1935 242
1119 1461
1884 673
1212 1772
1302 311
1610 775
1964 1252
1478 194
1056 1304
1905 1393
1866 1909
1414 1356
1750 668
1622 1593
1557 105
1299 1755
1757 44
1861 1813
1860 1360
1389 1179
1077 450
1974 530
1427 1009
1214 1075
1399 378
1064 499
1017 457
1329 418
1386 765
1674 359
1038 677
1570 547
1758 164
1542 99
1219 514
1265 755
1486 189
1492 1444
1940 45
1719 614
1329 1417
1383 1661
1411 623
1584 119
1514 1174
1348 1553
1584 129
1929 414
1061 1419
1656 623
1904 881
1678 1899
1782 837
1661 1327
1219 89
1251 1795
1238 1990
1519 848
1555 1875
1243 1797
1078 1026
1427 749
1718 1362
1343 1474
1627 392
1750 515
1531 196
1775 304
1414 129
1152 1617
1969 1191
1753 1145
1858 48
1306 865
1726 1531
1750 1620
1226 390
1732 847
1975 1871
1188 665
1320 318
1776 832
1720 777
1773 331
1766 2000
1033 1909
1581 1352
1541 10
1421 749
1922 1982
1552 1083
1664 1690
1635 895
1370 1745
1684 986
1480 1218
1247 1164
1868 847
1064 1229
1376 704
1276 1448
1066 1451
1580 876
1164 1741
1233 825
1320 1703
1515 1481
1634 1358
1733 1994
1926 10
1732 1807
1582 278
1935 761
1579 1120
1568 477
1758 295
1787 735
1322 54
1429 406
1737 1798
1478 1620
1422 925
1746 1422
1580 945
1766 1183
1728 1848
1089 809
1931 608
1228 522
1283 146
1192 1372
1445 609
1972 1984
1550 629
1457 1951
1591 960
1645 463
1127 1128
1592 619
1159 1190
1275 1200
1242 1659
1758 1810
1152 38
1424 1139
1764 1285
1310 626
1710 1797
1191 1052
1267 318
1774 943
1325 404
1897 1285
1905 1433
1871 1676
1059 1039
1147 728
1752 586
1474 929
1628 255
1790 1312
1344 164
1246 622
1857 20
1360 1628
1790 1930
1149 1892
1104 1673
1098 64
1787 765
1497 1043
1018 235
1732 530
1785 629
1749 1135
1402 420
1076 893
1377 474
1219 965
1865 1155
1367 251
1547 44
1174 327
1618 436
1707 1704
1882 1689
1204 151
1204 331
1434 1897
1431 722
1012 208
1289 1839
1148 1684
1776 959
1084 840
1561 178
1750 577
1218 599
1096 72
1004 1271
1294 1976
1167 199
1746 232
1734 1768
1687 355
1217 391
1869 1517
1791 1463
1464 1059
1705 1395
1103 712
1528 606
1129 251
1369 1429
1708 1657
1866 1763
1344 76
1742 1144
1661 1025
1561 1401
1809 711
1062 371
1961 1269
1534 1490
1594 1573
1220 898
1281 1501
1728 1550
1056 57
1582 1080
1268 1176
1634 726
1538 664
1503 508
1266 535
1402 706
1479 764
1459 1865
1301 169
1083 31
1600 1349
1160 1410
1993 1800
1456 1351
1501 1173
1102 1522
1295 18
1420 1224
1993 1614
1146 1875
1933 256
1438 1658
1285 1147
1865 1589
1379 368
1658 702
1595 1799
1354 241
1161 1429
1316 1922
1152 969
1394 750
1621 1136
1828 1940
1391 1504
1781 493
1213 716
1686 1899
1759 134
1988 15
1492 611
1958 1963
1487 1755
1426 1770
1630 1112
1488 557
1711 653
1910 587
1005 1465
1573 1472
1720 965
1676 1090
1625 758
1066 1324
1799 241
1685 433
1026 1659
1086 758
1559 1031
1267 1372
1490 345
1211 1974
1518 1230
1980 130
1553 1686
1163 1397
1590 970
1029 1800
1267 210
1294 1183
1861 346
1834 1625
1601 705
1301 652
1435 1743
1036 1344
1397 1535
1194 1947
1070 763
1811 1965
1325 1254
1106 872
1765 1727
1657 526
1990 1082
1605 1978
1669 1883
1017 1187
1494 1283
1114 1108
1621 1844
1397 1154
1671 1856
1291 51
1726 322
1231 368
1653 1588
1199 435
1586 1708
1501 1693
1561 477
1669 1293
1550 1390
1408 654
1684 1698
1444 1933
1704 779
1337 780
1281 38
1781 1256
1555 801
1585 1091
1963 999
1466 236
1338 1594
1753 129
1404 556
1715 1559
1673 538
1915 983
1361 1969
1276 1732
1100 1015
1889 1262
1615 672
1527 599
1208 977
1162 885
1923 1576
