2000 2000 150407947
1330
104
1263
436
1668
980
1131
110
367
500
1918
255
414
535
306
1311
1732
439
1894
22
284
775
948
1117
325
1257
441
940
1273
1
1899
1521
575
1680
1195
841
1247
506
1480
1448
759
438
1184
1901
1041
414
1566
1337
1070
411
658
444
721
1466
474
1735
1772
1720
1863
372
1985
1497
652
606
963
433
1650
157
1225
506
2
1866
560
85
233
736
1513
642
911
410
511
1306
774
1379
1437
1926
1970
2000
1498
1943
993
301
234
65
914
314
1237
343
1635
672
268
1113
278
1899
758
1480
776
754
1063
650
1511
75
1368
1339
1586
496
1478
1545
1520
252
1358
1744
774
130
507
1475
538
1945
1506
375
571
1471
1238
122
1034
1996
1244
1296
229
1792
1019
1011
812
21
873
1633
1221
559
677
1495
332
1449
681
1490
936
413
721
506
33
64
185
288
1637
844
76
1037
583
402
552
1727
827
620
1314
659
1112
1850
1232
1900
1108
684
1499
93
419
1465
1742
1006
672
1678
1442
279
750
11
992
1285
778
487
1189
1
180
91
1546
105
1444
970
1828
996
1584
4
1806
1643
362
1893
810
40
294
1984
722
1080
1359
22
1265
406
962
957
1471
1446
1799
2
552
839
1237
614
915
809
466
1895
317
658
1252
382
284
421
506
417
679
1463
1396
799
284
127
1218
1692
484
1693
715
1236
142
1969
801
1325
649
741
676
420
1785
3
11
756
1846
351
1385
831
1944
563
1123
124
1460
449
1808
1905
403
1368
1880
333
1949
938
1087
1211
304
1251
12
1929
629
1408
211
908
1968
1172
1326
1706
1618
1072
491
1557
1328
384
12
25
1180
1760
1476
444
670
1323
1883
497
1441
926
1962
705
1827
1780
881
1446
1271
1887
1377
1384
1584
878
1577
1147
1785
1632
835
1255
1787
1065
774
1294
213
957
1418
1400
182
527
1596
899
1297
1705
1610
1739
1252
1423
1768
1726
490
234
1082
268
1799
1241
157
716
370
459
1058
554
1167
184
1684
935
934
1613
989
1929
1148
1891
878
788
1444
1669
580
390
163
1477
485
1526
74
315
431
1368
1419
1444
1
109
552
1120
1902
938
368
1436
1264
1074
1219
1124
1781
350
1060
1899
11
623
721
1373
291
1290
121
207
1967
826
1730
1097
149
1779
1523
1853
1224
1099
601
1074
585
1167
1694
577
849
1023
285
1468
450
1302
693
50
1813
1816
1480
784
1380
1455
805
492
1002
780
325
1672
1443
958
1813
326
118
973
1228
1447
590
1661
634
644
319
40
844
1165
787
970
1861
399
1405
890
1564
905
1338
1698
1714
413
1647
1936
1818
1481
755
1196
1155
1844
10
797
1360
524
1411
962
1389
1275
1584
1441
969
547
749
1584
308
1462
660
519
395
258
1744
8
12
229
1320
1199
1412
1515
451
82
141
156
1428
1126
1899
1263
237
248
2
436
1101
90
1071
1135
584
1655
1753
947
300
744
1065
1497
1824
879
191
688
1741
1107
862
72
1
563
874
1033
1736
1225
1842
1529
1677
1946
1084
1389
886
1606
1640
1270
1340
363
629
1858
1264
727
1562
309
1833
344
1580
702
539
1011
1580
1444
307
572
1483
1769
609
1390
1232
1585
235
52
1663
940
66
1152
1593
1095
1616
1027
448
717
1267
1077
568
31
1721
822
1246
1789
434
1974
991
1346
733
261
1365
961
1050
611
1492
444
1769
1387
290
1980
862
1452
1198
628
825
894
1556
1168
1151
1567
877
1571
506
1675
1934
1486
1602
669
792
436
273
1234
147
223
1676
695
460
933
1643
581
1463
475
1434
1835
1173
842
411
398
1754
1794
1878
1884
1568
21
227
1802
1483
470
4
1342
105
1540
597
15
916
1974
1094
1275
1797
1738
1213
590
236
283
530
983
1015
651
1573
257
1116
167
1831
725
1381
42
625
155
1227
192
362
1854
1470
480
734
22
1900
696
146
1955
1813
343
1424
526
153
1269
611
1826
949
336
1193
789
343
732
846
878
488
1210
292
1305
978
545
1643
787
1275
1553
945
649
343
1823
499
159
1121
1373
1663
1313
862
1729
657
225
1183
109
49
353
1876
759
671
1446
673
981
897
139
354
718
747
592
12
1974
561
694
1366
1800
1497
1918
298
1096
1226
1585
1119
1452
742
35
1993
1909
1659
387
79
552
56
754
821
202
824
342
1912
503
1333
1750
40
1083
798
537
1310
1868
532
974
1896
882
1830
766
858
574
970
1444
1869
226
1384
1344
883
843
1908
710
638
1849
623
1958
425
1897
1805
559
1502
1518
919
444
1628
221
387
593
500
721
144
252
208
552
557
1072
754
1463
468
1908
1532
1860
639
1533
1
1588
68
208
1142
436
607
1579
1838
1299
1377
400
1551
654
1336
358
1781
1035
1732
1745
1312
1388
126
32
1940
732
259
444
1512
1303
1743
834
1261
1282
723
1392
117
1447
1874
355
1691
357
348
1555
929
349
412
407
643
476
1319
1073
1186
552
48
1510
105
737
1789
559
1941
2
1910
1714
1952
1565
1744
92
753
1339
54
500
851
154
1022
448
1809
1318
1929
1810
888
324
915
203
1865
1014
132
1031
1529
1814
1667
670
1375
322
1914
934
1229
373
134
1568
1
1106
1524
1218
81
970
172
217
1947
181
1734
302
611
1929
698
1074
218
1354
957
1345
699
1114
1480
1211
1624
312
61
106
765
175
1819
1716
990
1362
1639
1970
1548
635
170
1493
853
1068
954
631
335
653
361
868
1250
1792
1309
1607
1355
1679
1456
1066
52
906
720
1646
767
1945
1026
1280
265
1187
930
428
251
284
61
498
445
1662
1744
1188
1480
171
456
386
647
59
1781
7
1202
980
631
641
985
22
111
51
1695
863
209
1973
898
1634
1965
1204
1648
847
229
1496
1761
1725
1855
1806
1541
159
1845
1103
1225
1376
1507
1752
923
763
1998
824
955
1755
912
1669
458
761
1848
1875
1672
1599
1145
1663
1300
282
1426
686
1319
1663
1785
1102
1660
1649
1330
1785
1432
1834
1459
397
1065
1377
1638
979
462
901
674
1352
1483
773
1335
959
1584
430
900
250
878
1496
1105
1557
757
1064
668
1820
1619
174
1845
1480
933
1722
1589
889
96
655
1252
397
986
909
849
461
1698
1111
1346
1945
1919
1549
489
685
1657
1776
838
38
1981
1209
1821
1608
976
1813
864
325
1714
868
136
663
1109
1629
1013
1259
149
791
819
1162
477
1239
1480
442
1765
243
385
152
1415
427
446
501
1697
435
1997
664
260
162
1452
934
62
556
743
1389
1105
1127
366
1278
829
1691
41
200
1996
672
1276
1382
862
1537
1889
849
1393
964
95
962
869
46
447
214
57
1625
1319
231
1452
572
1751
1288
892
1457
1
682
1215
1009
796
870
1403
1357
779
505
565
1389
498
910
862
198
250
128
12
209
803
1631
711
1074
1643
440
483
646
658
875
1499
183
1109
1535
1770
878
941
997
1487
1079
1796
668
1417
618
1831
1046
398
1093
1891
1318
415
1323
605
11
552
1201
4
412
777
760
840
1986
100
465
224
1231
1918
1913
759
1482
1369
219
327
1864
1248
1807
774
190
754
1918
1334
1626
352
795
764
995
1444
1308
1010
943
1785
1899
950
500
807
150
166
113
1907
1845
1709
1811
17
1617
1245
579
641
1444
683
1958
1645
51
549
164
599
1670
226
1658
1614
1479
588
896
884
735
965
1292
321
195
1044
1028
772
1
1050
1318
225
520
645
224
206
1840
923
55
30
1298
1446
1872
498
1980
19
1
1033
1717
1158
942
157
1728
1898
103
291
765
1225
36
186
962
1007
1923
1464
977
1307
1346
1464
1598
276
1565
1669
28
576
1163
508
256
861
1374
1684
999
1092
454
394
13
1179
830
197
398
310
1148
1329
998
1161
1600
820
1444
362
1643
573
500
1675
494
1644
1565
598
1595
1030
1497
1225
666
1429
267
533
337
289
299
160
1075
1987
42
115
1016
1190
365
1966
504
1017
851
1444
1880
818
1504
42
500
371
1638
501
1652
178
1151
284
1364
739
1641
939
746
1713
931
1675
389
1899
1118
1446
1845
24
482
988
1856
1427
1322
423
172
16
1529
1315
194
1140
1665
1675
247
1272
1211
1517
412
856
687
414
1570
249
1154
253
871
1801
182
1254
1100
376
1599
860
125
1672
338
469
34
934
781
1149
112
1275
670
391
27
1777
851
43
426
1867
1043
80
169
1308
707
1474
915
1707
1718
1725
1974
1664
569
1367
1263
478
891
211
289
1004
1627
774
1733
1623
1399
107
952
11
1522
1390
1781
135
1899
962
1074
1009
1492
177
982
458
412
1724
1223
21
1763
815
583
1402
1568
546
453
1582
1576
1908
1050
1055
1453
1813
1623
1877
783
1009
1397
768
967
1081
1776
790
1781
517
740
1098
1719
1786
1503
1871
1461
1233
275
1636
1139
1999
544
479
86
456
604
1389
58
1111
1212
21
1225
105
485
1880
303
903
1430
1927
1306
816
270
1622
1025
12
1416
1260
1391
1176
73
786
1876
1467
697
1565
246
158
1109
457
1980
844
1024
52
1232
1061
1688
960
1563
521
664
1784
1263
1218
832
458
596
1274
1668
1707
12
1404
1620
1515
924
763
1715
868
1519
617
431
780
1783
1776
1194
222
1696
1059
1341
668
1184
1530
966
1011
738
1160
1054
131
397
564
1908
1057
311
1389
1675
1611
1736
1497
495
227
668
670
626
1370
161
224
1234
712
1559
1471
1221
1932
1361
872
893
1044
1454
610
1197
1509
637
1230
917
1378
895
1499
221
977
607
904
1712
632
1723
1351
706
1295
613
1001
178
502
446
729
1881
990
664
1721
946
581
1964
334
1319
683
157
915
1
1673
1847
1871
1701
506
1062
781
1517
1330
1938
369
523
1854
1560
1812
119
630
1608
587
780
1145
1646
395
1781
817
1283
271
1644
1032
741
972
1002
1399
536
559
1484
1781
1983
848
552
1216
1262
60
1485
1317
1512
1747
971
662
412
1696
1166
1837
204
320
493
329
1794
1832
109
1882
1942
31
1217
1191
1444
1643
1917
985
1435
912
453
356
1806
224
701
985
467
1220
1975
1552
1319
1663
1181
851
1515
108
683
1445
392
31
528
268
1221
208
1653
1363
272
1708
529
2
1003
458
518
563
552
1167
1156
1794
1383
500
690
1253
1
20
436
1420
887
1894
763
418
1885
759
876
189
1516
1494
1146
1033
295
32
360
1
648
965
765
1953
913
1560
318
1871
196
199
1275
1384
1813
1525
633
1295
1513
1011
1295
1072
250
1933
313
443
1959
316
847
1401
284
668
1542
1513
1409
138
504
1994
1225
1323
1234
620
1687
889
563
1699
1594
1222
274
1115
782
516
1052
1184
1700
1921
1450
242
1915
1494
1982
1583
1929
1894
1762
781
1185
201
866
1048
187
862
1568
570
107
482
1791
1128
182
1578
1773
1971
1353
683
1637 764
1338 948
1058 1365
1877 513
1879 1364
1657 1496
1297 1054
1907 1861
1746 168
1540 1378
1866 708
1701 42
1697 705
1875 389
1991 134
1534 1072
1143 1554
1349 766
1024 1809
1702 455
1270 1327
1514 772
1058 211
1956 203
1592 1757
1815 1467
1024 226
1313 1391
1909 312
1846 777
1759 413
1993 669
1729 1058
1816 1682
1367 262
1266 1303
1227 1820
1234 1878
1785 728
1583 819
1601 949
1320 218
1778 1801
1466 1777
1566 877
1581 569
1983 16
1260 384
1834 910
1485 503
1009 1863
1558 1552
1046 1908
1062 1769
1900 324
1288 9
1491 1115
1205 295
1234 659
1292 1559
1123 1832
1205 596
1728 327
1512 49
1576 389
1459 1559
1626 1293
1301 325
1048 1205
1724 1592
1249 1334
1491 1328
1350 1693
1779 1240
1828 967
1342 1697
1962 1695
1890 1356
1315 1381
1555 1985
1033 1569
1963 1289
1634 1724
1108 658
1999 522
1358 1604
1182 863
1398 42
1134 1267
1124 1149
1143 427
1319 1115
1330 410
1356 914
1381 960
1680 224
1673 385
1818 85
1391 1873
1206 1969
1174 1500
1821 94
1050 1960
1103 1061
1688 1054
1990 164
1649 1810
1106 654
1139 334
1251 437
1578 725
1842 1128
1708 1151
1934 892
1933 262
1090 1920
1221 1622
1765 426
1831 1765
1008 656
1746 984
1165 1187
1379 1038
1877 1979
1821 1611
1180 221
1755 784
1386 743
1009 1905
1410 205
1856 96
1899 1132
1135 1945
1430 1451
1119 985
1620 520
1255 1538
1427 5
1350 992
1455 415
1613 1839
1587 755
1082 1864
1312 1423
1405 1916
1898 1941
1403 1388
1693 1282
1355 929
1410 1827
1547 681
1774 1841
1121 1990
1657 1488
1175 679
1397 965
1819 1388
1526 1217
1661 814
1448 1952
1839 897
1819 318
1242 93
1935 1274
1048 748
1670 1730
1153 67
1062 882
1971 498
1402 223
1849 1316
1951 662
1453 1504
1776 1140
1385 458
1119 1851
1162 738
1897 923
1092 322
1925 515
1336 402
1077 1342
1362 570
1847 854
1311 348
1514 940
1646 289
1747 786
1944 697
1066 1073
1317 1638
1857 1618
1739 699
1699 1343
1992 507
1975 667
1750 1634
1964 1057
1228 977
1592 1091
1423 683
1686 318
1034 1937
1333 477
1511 206
1328 976
1423 930
1162 120
1735 1801
1185 1406
1205 981
1223 1256
1816 1216
1413 107
1441 816
1942 390
1990 549
1681 620
1761 228
1752 1115
1859 24
1334 1387
1949 1049
1322 1146
1176 1732
1673 1475
1780 1752
1295 1165
1358 1855
1131 618
1388 1959
1069 1526
1259 344
1006 1633
1913 1265
1053 340
1318 378
1054 929
1969 603
1467 1395
1641 262
1199 1025
1021 199
1586 1875
1299 680
1874 650
1256 586
1983 723
1653 43
1676 1974
1716 518
1743 1346
1927 816
1011 1283
1900 1534
1218 1933
1786 1854
1324 975
1019 1859
1742 872
1227 1454
1867 1003
1231 1845
1521 971
1628 43
1321 1510
1071 652
1387 1911
1054 1095
1200 277
1844 130
1512 1966
1214 852
1788 604
1819 198
1967 418
1685 1043
1209 979
1489 1135
1589 1916
1296 136
1389 1081
1900 408
1662 1263
1413 685
1489 576
1884 1872
2000 51
1399 1785
1778 1194
1388 1137
1944 734
1034 800
1862 435
1898 896
1177 1299
1809 194
1554 136
1149 1847
1356 1815
1619 1985
1972 1982
1039 1912
1471 1722
1226 1452
1294 1306
1354 1780
1871 1980
1244 463
1830 874
1563 1801
1739 628
1881 1391
1150 1374
1250 1370
1375 706
1151 1430
1884 1979
1985 1868
1741 456
1338 1194
1164 1853
1468 1684
1405 896
1598 379
1345 736
1254 367
1483 389
1297 58
1073 1069
1293 598
1868 1504
1264 431
1266 1085
1133 1726
1110 581
1541 1426
1281 1529
1697 1251
1309 1813
1525 1609
1397 969
1093 47
1051 731
1436 1300
1252 1544
1881 792
1691 559
1179 322
1256 107
1730 1765
1862 635
1172 64
1897 765
1315 1808
1497 848
1195 1779
1490 1232
1190 1076
1625 1602
1487 1937
1454 750
1954 1097
1538 1033
1789 1148
1961 1419
1925 1205
1474 726
1087 307
1971 654
1353 1140
1393 1512
1884 1567
1836 1047
1357 25
1764 328
1288 1553
1147 788
1471 228
1204 213
1060 1491
1800 650
1878 351
1314 1030
1520 322
1675 1691
1289 1920
1989 626
1493 1040
1608 342
1196 1489
1403 1563
1254 569
1134 1366
1846 1714
1754 722
1555 162
1282 446
1419 446
1096 975
1933 780
1377 1901
1735 1915
1374 65
1427 1663
1107 1674
1990 1825
1312 1838
1924 1775
1293 1404
1066 1819
1125 1496
1666 124
1334 684
1653 1110
1130 1549
1432 1236
1414 1295
1776 413
1206 1177
1984 64
1075 965
1966 225
1675 88
1022 816
1876 754
1748 92
1486 600
1811 55
1226 919
1899 24
1361 188
1559 1144
1493 731
1492 920
1481 79
1219 1981
1562 1503
1082 994
1750 478
1659 1316
1215 237
1200 1860
1054 533
1634 1934
1994 1342
1765 1282
1198 1738
1357 197
1347 1820
1993 1416
1640 1265
1230 522
1118 1679
1086 757
1609 1486
1989 40
1842 423
1270 1505
1701 1644
1080 1543
1916 1986
1670 1378
1191 1262
1646 1419
1421 40
1948 213
1678 617
1606 1214
1307 1694
1585 166
1043 695
1277 1014
1531 1190
1560 285
1764 383
1459 438
1438 1310
1829 821
1818 1
1661 710
1027 1548
1473 191
1954 950
1962 120
1772 1407
1924 283
1457 1131
1206 100
1949 66
1195 1073
1782 834
1822 1752
1118 593
1714 162
1120 1047
1792 1559
1159 196
1382 796
1028 1395
1714 1657
1782 1509
1375 714
1459 746
1260 878
1341 1693
1161 1256
1124 1293
1726 132
1143 856
1892 708
1718 1096
1296 1265
1772 1702
1942 357
1849 19
1957 322
1821 843
1239 193
1810 1782
1298 1865
1091 850
1156 659
1743 427
1016 561
1471 1834
1633 1635
1411 348
1877 923
1913 448
1732 260
1924 1002
1821 1439
1126 1766
1075 156
1644 999
1494 1593
1173 425
1494 666
1501 246
1753 413
1818 425
1772 515
1640 1557
1895 823
1647 572
1835 345
1152 59
1916 1235
1742 722
1847 773
1200 1521
1011 930
1369 1417
1701 643
1401 1435
1926 793
1455 1172
1275 1766
1809 1252
1373 53
1520 1179
1296 1063
1137 720
1548 816
1830 1801
1918 1992
1514 960
1734 420
1703 801
1471 355
1618 1249
1689 412
1017 1174
1657 713
1511 977
1995 1239
1873 1217
1441 508
1266 1938
1371 533
1197 601
1325 675
1890 993
1551 586
1932 1430
1767 1473
1523 733
1952 1133
1330 628
1891 26
1307 1572
1967 1702
1793 1365
1853 529
1390 170
1057 1914
1206 1487
1062 1261
1907 388
1188 1480
1123 81
1390 1253
1287 1580
1308 1274
1715 989
1586 562
1704 465
1652 1009
1113 1673
1365 1032
1513 718
1991 71
1444 1924
1879 92
1806 692
1295 1784
1150 976
1320 1630
1063 256
1032 1603
1973 831
1266 441
1180 1033
1534 1189
1992 96
1079 1072
1410 1568
1638 1947
1659 1391
1060 231
1603 1542
1171 140
1808 811
1115 534
1137 1126
1495 1049
1972 1135
1609 762
1087 1467
1747 1314
1660 460
1563 1024
1140 340
1035 761
1888 1047
1861 1212
1071 1521
1146 1017
1987 1911
1632 77
1657 1913
1257 1244
1496 1781
1086 1288
1746 105
1314 1961
1323 210
1129 383
1549 1796
1770 1314
1871 955
1377 1257
1767 1458
1805 1946
1145 1538
1693 914
1244 670
1630 1438
1634 805
1101 876
1994 113
1377 1629
1202 627
1387 208
1513 1616
1296 19
1914 1738
1520 862
1567 972
1242 513
1529 1917
1306 1806
1520 788
1392 1745
1514 1832
1442 221
1160 958
1329 1694
1825 600
1136 1608
1318 1784
1403 615
1792 1522
1492 488
1874 281
1915 407
1295 1512
1195 173
1390 341
1204 1543
1695 1024
1608 423
1511 1249
1319 675
1648 1660
1889 559
1318 544
1316 1746
1848 652
1527 1763
1478 566
1479 1276
1128 851
1084 597
1329 1491
1248 566
1857 1665
1769 1666
1957 6
1105 279
1388 1734
1477 612
1299 900
1512 956
1739 1815
1900 569
1007 1986
1781 1517
1685 1596
1056 794
1794 523
1316 1460
1997 1812
1916 1736
1145 640
1285 1462
1415 452
1307 1113
1022 114
1736 351
1342 1120
1067 888
1183 214
1141 1380
1123 1408
1761 523
1010 537
1671 1287
1740 269
1402 999
1010 633
1866 287
1781 1934
1082 98
1414 397
1052 171
1387 549
1167 520
1272 1952
1318 1742
1562 3
1449 1112
1135 106
1784 1823
1478 126
1310 1618
1504 810
1831 712
1227 2
1665 142
1513 596
1553 78
1932 774
1846 8
1843 869
1203 387
1303 1678
1177 1439
1605 1821
1883 525
1886 61
1819 281
1923 1777
1838 315
1920 819
1566 1950
1510 1509
1844 2000
1503 1014
1147 1251
1560 297
1115 1052
1242 218
1569 1570
1444 890
1792 1785
1360 247
1416 1214
1280 1842
1858 1594
1778 658
1755 79
1579 1760
1704 202
1414 781
1060 1977
1795 783
1565 1667
1034 1816
1705 300
1059 284
1161 1922
1175 965
1927 1087
1331 1144
1943 50
1106 1100
1796 833
1035 78
1404 1568
1608 367
1636 1273
1921 300
1522 1484
1189 1868
1513 736
1795 1331
1299 922
1994 1692
1162 660
1047 1794
1390 765
1869 733
1294 1287
1785 315
1302 948
1559 1886
1108 686
1582 744
1802 372
1017 587
2000 1110
1346 1669
1674 808
1527 750
1755 1522
1545 861
1321 792
1559 335
1598 1604
1743 1583
1925 995
1680 1782
1367 1209
1205 928
1770 1595
1165 996
1247 1486
1371 1779
1984 1713
1135 106
1349 264
1427 268
1786 62
1960 1866
1669 243
1536 1926
1118 1500
1115 1549
1280 606
1582 216
1666 1470
1195 311
1371 414
1242 1291
1797 781
1458 1327
1250 1587
1532 1347
1375 161
1246 1872
1704 954
1441 1056
1229 97
1958 1812
1814 1760
1802 1954
1386 713
1037 1620
1551 1495
1142 1929
1383 1731
1763 63
1104 881
1532 698
1076 209
1449 1911
1324 1551
1497 256
1472 730
1184 770
1489 1613
1537 1657
1124 53
1366 470
1085 1455
1332 1873
1340 1659
1107 1952
1933 1412
1357 231
1405 414
1189 1204
1880 1804
1256 251
1511 1658
1884 24
1387 30
1947 1856
1008 170
1780 232
1658 752
1734 200
1979 1853
1157 918
1738 1899
1470 1174
1989 1880
1050 405
1031 763
1511 1827
1657 690
1314 1035
1219 1204
1796 1189
1159 1693
1304 1593
1964 733
1371 208
1245 1623
1119 1803
1901 350
1728 768
1172 216
1609 872
1222 1083
1675 285
1196 1535
1951 1359
1825 1231
1191 741
1377 1617
1927 1065
1805 583
1514 426
1558 1712
1787 1470
1441 534
1594 1071
1094 601
1970 1168
1872 1786
1847 1219
1938 1719
1374 455
1142 40
1561 508
1051 11
1492 1940
1371 380
1626 600
1113 509
1670 1738
1366 396
1925 1025
1430 1090
1226 1825
1653 189
1175 1099
1914 918
1911 1706
1833 1263
1812 600
1268 704
1405 1066
1451 1424
1178 1017
1292 902
1784 1744
1076 1474
1185 1120
1225 814
1103 906
1589 1801
1744 1450
1291 416
1417 620
1132 1845
1965 1538
1669 408
1360 388
1006 1719
1800 1939
1353 1123
1640 1906
1488 476
1691 1100
1280 1947
1667 1691
1210 1988
1802 1020
1041 1859
1553 1134
1650 908
1461 914
1419 1098
1468 626
1570 1353
1989 1294
1296 284
1334 1522
1334 427
1836 1553
1205 303
1482 1164
1170 525
1489 509
1284 785
1781 1293
1624 310
1478 939
1733 1294
1115 769
1606 217
1758 1744
1685 1548
1069 1324
1924 1453
1867 1792
1172 1464
1428 940
1214 1388
1260 1045
1532 1117
1264 1845
1507 71
1804 649
1285 690
1190 214
1643 535
1481 1379
1499 694
1789 1160
1143 978
1663 353
1748 499
1542 266
1912 963
1871 1757
1792 1584
1520 1275
1299 1689
1081 695
1334 830
1721 1398
1227 85
1107 1919
1197 1250
1005 130
1411 1741
1430 1297
1446 798
1949 1153
1088 1041
1879 1499
1867 1296
1058 764
1487 1228
1907 1088
1401 1792
1534 1580
1557 441
1693 158
1853 13
1392 298
1093 1412
1896 681
1586 1394
1139 336
1983 1613
1715 1414
1377 1389
1413 838
1336 1937
1550 139
1398 1527
1090 677
1825 83
1400 1625
1418 338
1441 550
1518 678
1444 704
1852 802
1756 811
1918 111
1082 1316
1323 73
1525 608
1828 292
1089 1861
1059 1620
1455 1734
1183 1737
1589 479
1714 446
1917 510
1148 1017
1778 1292
1746 1159
1180 1913
1815 1934
1602 1585
1938 385
1964 1427
1678 1949
1846 336
1315 755
1252 215
1640 1723
1037 634
1246 128
1327 300
1465 47
1525 616
1108 390
1431 1718
1196 40
1091 759
1370 1269
1959 109
1405 1573
1508 1745
1747 737
1281 319
1293 1167
1192 409
1702 1717
1446 583
1378 1491
1722 1183
1031 611
1492 980
1951 750
1764 1410
1252 581
1307 27
1056 401
1992 1837
1148 1614
1195 264
1357 80
1829 488
1626 700
1407 287
1103 1061
1446 10
1432 912
1801 1545
1405 1868
1908 281
1999 1819
1622 156
1080 977
1281 1426
1247 1557
1809 1073
1431 1923
1344 1668
1038 420
1842 1860
1218 204
1804 1910
1284 794
1437 846
1657 1048
1293 53
1130 1735
1671 474
1607 1175
1289 104
1795 1338
1222 454
1561 1524
1459 293
1502 752
1870 794
1374 1051
1678 647
1821 2
1643 194
1449 127
1856 95
1028 276
1894 448
1091 913
1792 1074
1350 1430
1270 563
1937 1126
1535 229
1952 983
1630 804
1554 855
1468 1790
1671 851
1527 1069
1218 224
1125 666
1396 1954
1843 1860
1511 137
1813 379
1275 681
1726 1945
1582 193
1462 1248
1792 1673
1400 493
1876 1310
1191 225
1215 258
1297 485
1247 787
1129 1900
1285 791
1220 1119
1990 170
1335 789
1491 1061
1997 1727
1009 855
1029 1445
1096 1714
1266 1108
1922 1441
1877 56
1329 594
1186 1639
1983 1341
1512 1500
1381 219
1389 1743
1958 1371
1397 1129
1373 785
1013 1697
1118 1762
1009 974
1389 1761
1039 1197
1571 95
1763 248
1365 1121
1696 947
1163 256
1768 1276
1345 1077
1872 621
1382 851
1251 598
1404 1888
1659 1581
1149 1276
1356 519
1989 188
1715 790
1310 878
1108 1932
1428 1509
1798 1658
1350 317
1934 1401
1439 1078
1052 1745
1319 1697
1303 1928
1873 622
1158 1480
1050 809
1674 459
1194 1128
1629 996
1249 844
1649 282
1570 374
1930 922
1329 933
1262 1114
1074 1926
1427 1535
1814 585
1441 1882
1084 1387
1083 1154
1416 488
1558 66
1220 1520
1870 1079
1233 1228
1226 159
1464 1825
1344 911
1980 193
1070 325
1102 845
1981 501
1535 906
1636 969
1026 1532
1116 1961
1973 749
1862 916
1013 1864
1086 46
1966 1630
1650 384
1209 446
1616 283
1161 1079
1601 1073
1318 1383
1268 1914
1001 1163
1423 515
1134 1925
1150 850
1911 1678
1705 1347
1751 19
1779 609
1770 613
1336 540
1022 1353
1393 1751
1705 170
1642 1482
1891 479
1619 98
1273 965
1929 1386
1610 1421
1781 670
1223 524
1378 564
1064 1612
1744 1000
1872 1545
1639 995
1872 1652
1668 1694
1094 1697
1830 1224
1403 1155
1539 508
1075 1018
1930 1256
1158 916
1398 1430
1568 655
1688 407
1458 230
1270 1377
1095 43
1715 1109
1517 1575
1676 1490
1592 20
1712 607
1393 1687
1753 1127
1406 246
1502 809
1907 1125
1916 909
1481 1420
1739 1342
1284 1756
1453 679
1444 1296
1106 1290
1872 1738
1857 1206
1534 503
1303 1329
1220 441
1785 107
1751 1240
1174 1172
1328 313
1313 427
1976 250
1115 986
1412 859
1203 1718
1053 1423
1215 719
1118 340
1649 834
1802 560
2000 906
1392 1337
1431 974
1557 1975
1918 638
1041 803
1235 1087
1298 1985
1703 1876
1997 1374
1087 627
1014 358
1627 1602
1229 1190
1703 622
1227 370
1386 553
1240 356
1680 1270
1657 1268
1783 450
1632 497
1821 1228
1306 1817
1523 1571
1098 634
1093 1817
1634 1160
1337 1142
1689 1160
1228 1990
1798 1306
1421 327
1411 1764
1957 589
1466 449
1955 1833
1729 1216
1765 224
1054 20
1401 1891
1699 1531
1699 1155
1997 1631
1617 1176
1682 1158
1433 1003
1364 595
1425 1156
1445 1617
1400 1621
1136 1539
1170 459
1625 523
1106 922
1020 1034
1583 1317
1987 870
1410 108
1905 656
1292 1433
1021 644
1099 1070
1486 1584
1358 423
1107 1587
1423 1160
1623 1516
1487 385
1502 1953
1484 720
1328 1190
1775 17
1043 695
1372 25
1144 664
1771 1818
1434 1310
1440 8
1763 462
1159 21
1382 213
1458 996
1482 132
1397 256
1370 1318
1787 464
1117 920
1977 1574
1441 1803
1527 1946
1327 1126
1176 878
1299 1504
1489 278
1287 515
1368 1990
1579 1471
1343 1660
1043 569
1171 89
1332 1207
1693 1107
1329 489
1634 1383
1935 1514
1992 686
1312 1638
1557 1645
1098 1694
1189 1924
1632 1117
1873 1955
1465 1832
1429 689
1993 132
1584 1915
1945 435
1569 610
1385 1450
1649 366
1338 1574
1181 287
1432 1108
1100 1671
1146 872
1374 447
1390 1781
1562 375
1976 398
1863 748
1187 609
1394 396
1347 645
1250 1259
1578 816
1647 741
1495 1015
1103 1694
1916 1693
1325 121
1750 1561
1262 1352
1902 1988
1714 1361
1082 1002
1439 1624
1886 879
1663 790
1023 363
1592 254
1100 1130
1731 1850
1437 877
1977 1530
1498 1522
1436 1013
1916 1016
1569 388
1440 64
1173 958
1080 1806
1092 42
1103 1791
1579 600
1219 1633
1497 1904
1473 1084
1322 79
1986 605
1095 1093
1417 890
1403 1740
1504 668
1313 1105
1605 838
1537 722
1606 1810
1525 477
1213 130
1895 610
1136 1788
1265 998
1203 138
1986 1105
1372 782
1905 1012
1219 722
1615 400
1472 1824
1723 123
1077 1698
1878 435
1938 1091
1293 1003
1964 1606
1100 733
1072 1053
1982 1907
1015 1079
1757 1153
1873 352
1949 1428
1584 1680
1820 1326
1104 1244
1625 728
1644 1036
1063 1069
1474 495
1980 582
1766 1273
1771 553
1249 574
1427 138
1443 1383
1869 299
1720 630
1093 716
1061 1991
1978 1998
1731 12
1181 1310
1131 1693
1336 443
1508 1848
1102 1370
1195 744
1102 87
1981 542
1104 1092
1103 643
1316 709
1660 1051
1460 593
1481 1595
1134 1069
1159 1814
1134 1318
1901 42
1149 1065
1741 1389
1489 1155
1917 1706
1588 1335
1317 588
1692 1768
1824 488
1368 814
1197 1993
1841 1036
1251 308
1748 926
1613 857
1489 932
1567 142
1971 531
1119 555
1215 1657
1254 52
1087 1863
1041 412
1554 582
1047 800
1126 16
1108 1017
1268 313
1112 1728
1258 454
1788 792
1444 1925
1334 916
1661 1285
1875 929
1005 85
1916 314
1369 141
1479 1480
1377 1701
1176 771
1042 772
1489 817
1061 692
1621 483
1597 279
1292 1643
1779 1879
1459 1601
1655 869
1422 1845
1620 1304
1820 731
1534 815
1488 73
1289 1760
1409 1731
1033 1171
1021 1999
1963 117
1192 1441
1047 404
1467 1007
1319 1735
1873 1078
1832 124
1195 615
1393 490
1658 1774
1549 896
1243 715
1120 843
1428 646
1039 206
1764 1179
1387 1850
1040 1057
1601 1199
1955 1091
1250 1556
1827 1559
1169 245
1895 1034
1487 211
1492 311
1319 1483
1186 877
1243 1383
1960 1608
1080 931
1370 761
1665 1211
1848 1357
1766 1788
1467 1751
1137 1731
1185 1528
1735 1795
1167 1381
1438 1375
1596 1253
1226 178
1098 1321
1170 1589
1543 182
1790 687
1672 606
1607 1552
1463 257
1625 1281
1255 1948
1391 1746
1352 1424
1635 643
1584 1450
1996 68
1242 377
1590 327
1191 982
1261 1238
1737 375
1139 1523
1317 1392
1190 827
1139 1279
1244 755
1730 1235
1443 395
1888 868
1487 720
1338 405
1466 410
1558 1628
1729 1925
1829 1708
1936 1989
1007 1823
1220 284
1264 1007
1904 1583
1663 153
1597 525
1639 938
1709 1610
1295 969
1126 491
1262 1221
1767 1134
1177 1423
1048 1813
1030 456
1994 1069
1743 192
1964 1035
1939 140
1663 1677
1746 830
1180 990
1824 452
1376 150
1703 434
1494 884
1071 1207
1567 1618
1125 568
1667 1300
1597 785
1022 1646
1832 183
1740 89
1327 1606
1057 163
1040 1202
1069 352
1616 962
1661 547
1717 1024
1812 1172
1697 313
1077 1304
1075 691
1405 1341
1793 1096
1940 709
1165 1738
1276 413
1685 1617
1705 1770
1331 1558
1967 1990
1479 1894
1270 610
1013 1656
1021 1033
1619 1334
1483 57
1228 116
1755 837
1553 1535
1449 94
1327 751
1246 116
1767 1075
1890 611
1021 993
1180 1467
1706 1407
1609 1323
1030 819
1269 1922
1861 1588
1441 613
1087 947
1119 1628
1114 676
1336 1304
1438 1702
1490 1801
1083 1152
1498 1380
1935 180
1182 275
1812 159
1225 1296
1073 81
1036 176
1745 208
1531 1777
1986 1573
1207 450
1707 368
1961 1894
1781 990
1403 712
1753 890
1393 1320
1333 1253
1835 821
1184 1423
1736 1580
1001 1148
1475 938
1355 830
1016 1275
1805 1723
1589 1983
1921 817
1722 1069
1110 1810
1668 508
1407 787
1054 459
1723 148
1797 890
1153 539
1696 1498
1500 486
1526 1096
1769 869
1338 1924
1604 1823
1094 963
1346 1662
1025 898
1839 598
1836 1694
1135 1709
1087 1292
1625 77
1225 1774
1198 81
1612 263
1770 1850
1565 684
1006 491
1017 980
1691 529
1156 1252
1637 138
1481 828
1156 1996
1970 1275
1774 822
1062 1450
1677 290
1648 702
1184 1899
1022 1161
1638 831
1771 719
1945 1728
1928 1463
1730 1434
1939 1669
1842 728
1378 77
1504 520
1989 1842
1795 1152
1463 1820
1798 715
1281 1878
1140 1
1394 540
1471 307
1951 356
1522 697
1055 393
1604 1196
1334 1074
1866 1782
1601 446
1977 1738
1164 1654
1032 1899
1009 1794
1844 957
1554 525
1117 1383
1909 436
1019 1167
1355 1223
1624 906
1234 759
1898 1397
1413 862
1340 1481
1752 1832
1758 827
1916 370
1710 490
1600 1943
1089 1773
1508 105
1969 1597
1934 1552
1359 986
1413 1578
1745 905
1911 1997
1147 104
1670 1278
1696 1772
1747 1965
1993 1746
1510 1820
1966 1867
1587 1499
1244 1252
1002 150
