2000 2000 468430036
277
1806
403
1125
977
666
1579
718
498
1324
1807
1695
42
1360
1704
235
1890
104
1130
559
1847
996
264
1593
816
732
955
1253
338
343
464
135
1535
1319
881
1313
457
1584
1999
1901
745
266
636
913
712
690
759
131
1273
205
331
1594
328
1607
358
406
1804
54
166
162
1717
1113
1038
1940
1997
1361
509
989
1060
1853
1115
56
976
240
553
1895
905
1917
22
403
563
423
1084
591
1540
1191
1448
1048
1738
1205
167
1631
328
551
1109
956
1122
1513
416
1357
922
6
1635
1319
1167
1984
1760
671
1463
1715
155
1622
1
1717
639
1196
933
1288
1876
1491
1936
1499
1032
1195
552
1122
641
1011
1537
609
875
1525
1919
1423
412
249
538
865
1780
1406
1692
1824
418
191
1514
1415
585
625
1698
1930
1456
702
1129
1315
1617
465
1465
1342
262
1163
1404
126
1138
176
1721
790
710
72
975
103
1978
1808
547
41
1848
395
1728
428
908
736
380
1666
44
675
1679
110
870
425
567
1
927
1305
345
500
917
1469
993
1882
331
279
1246
1516
616
1041
1564
120
1601
504
1058
1001
680
1297
1671
1264
1475
1860
868
399
629
509
207
1279
798
1458
1492
866
1948
1051
948
1467
1842
1661
1632
50
706
1041
1598
1737
1429
1242
1258
1457
1954
1339
1946
939
1743
1752
307
988
1102
915
846
1336
459
1885
1177
1868
601
242
1458
442
666
682
1795
1627
1452
1207
781
449
1707
328
138
1740
741
1780
1366
482
639
1154
382
1145
771
1397
764
1945
607
1423
1979
1029
483
1951
1375
1248
658
1693
1563
796
156
1710
726
63
1964
576
1060
790
824
1282
179
1548
322
604
1166
350
1567
1330
64
1939
1570
1204
1009
1897
1250
1544
673
1817
1
1364
153
174
1753
1054
857
1972
1968
479
191
1052
1390
127
817
1127
1994
148
1598
37
789
968
257
1
750
768
1786
238
896
1905
1143
1416
1506
1326
219
991
164
430
1466
1210
1228
745
1800
627
1878
1816
601
633
1469
1950
1933
520
839
1766
1244
1305
81
941
247
1942
1216
1370
1792
157
1225
1176
1459
1281
1761
174
843
232
1423
517
453
1950
823
432
586
1608
426
304
1550
480
1371
132
1634
1670
939
1339
1857
128
1440
901
1453
1990
1067
1759
135
980
1771
1184
961
706
1596
1187
1801
1188
1394
1434
745
590
1588
875
1062
1128
1270
1526
372
528
1463
677
1584
313
1696
1336
1906
1126
623
112
270
51
49
756
748
504
1159
634
1392
725
142
352
1316
215
1843
1331
454
1093
1469
1493
1571
538
1504
1023
415
1339
1382
502
1357
320
1505
1293
1066
1883
1787
1050
1285
1020
396
1436
974
21
613
1469
473
1262
198
89
1593
1791
185
1
1233
903
1102
452
1298
903
783
1055
1352
310
1338
1944
527
537
1438
201
442
1006
1654
1095
203
1333
1463
1067
848
871
704
1619
191
1137
790
669
1553
149
1678
1134
418
328
1957
1420
1369
191
357
168
312
284
245
1371
1123
1613
774
490
52
214
1528
940
77
82
1472
403
1089
113
860
522
829
1143
678
1842
1916
1804
1659
745
546
580
1431
1334
1912
88
1200
43
1446
664
208
1046
411
1856
351
1657
1305
871
1624
1330
1289
1646
1626
29
414
1033
1632
887
1118
218
1739
529
1789
866
146
892
874
733
1667
508
1964
1305
525
139
1386
1359
600
938
1810
1788
941
665
171
561
1252
871
47
145
530
1243
1846
433
1407
761
1599
1474
1469
1076
1696
784
1823
262
643
811
570
815
1238
1469
328
1427
631
1047
56
1865
232
1750
272
265
1277
1650
1324
1110
1235
206
468
888
1494
1920
776
1981
1308
1005
192
517
387
994
1229
147
611
1471
1230
1242
332
1418
1447
1559
461
735
1328
511
898
403
511
392
1415
1772
1917
1980
1395
1191
5
272
1938
1031
255
1663
282
1319
944
1143
749
692
515
511
389
1887
701
1401
564
721
1532
118
1019
338
854
206
410
1717
8
1940
296
538
452
1941
1796
909
1890
96
307
506
889
759
1085
1520
639
514
313
1632
478
1966
1377
1910
289
1080
271
1546
72
1610
460
3
141
330
439
491
1512
1872
1651
979
1271
290
1198
66
939
91
907
1256
191
1490
1941
1544
1967
1732
739
1937
1688
801
1423
589
338
190
1242
1676
1209
1220
1114
806
1157
1461
1070
479
241
54
22
436
1518
1341
747
1226
1472
1260
161
1553
1959
1464
1010
1243
1834
1943
1640
624
1986
1221
288
1837
877
1862
313
1458
1241
980
635
1449
377
42
1327
38
949
705
1539
272
943
1148
1779
519
831
954
1533
351
1149
1564
1484
301
58
388
1458
1143
1160
116
302
1085
1348
521
1305
1473
173
210
1014
919
1325
989
127
1307
1215
786
325
793
681
770
1118
1712
124
781
356
1353
445
1384
1097
1925
1896
875
1632
1060
1615
1602
262
287
1993
371
1350
198
1658
1572
503
1
1044
731
1949
1441
28
557
1935
418
404
1237
50
639
1547
1769
874
827
1012
779
54
1515
1011
353
604
1085
855
923
729
267
1242
1606
1564
58
734
447
1972
551
1028
535
72
990
548
496
656
947
335
178
686
1616
622
1503
257
1101
1767
241
199
399
1547
570
1016
368
1701
437
1630
683
185
256
1039
145
1652
1337
1423
1633
400
1554
1222
1298
1330
1960
1725
1618
289
1625
746
778
1583
672
1017
1463
1738
574
755
42
1749
1363
339
699
1575
1256
764
399
367
1991
1067
422
993
1027
499
1208
1534
1681
434
1094
1122
130
328
1584
657
1026
772
1633
194
375
394
104
1395
1979
1543
304
1979
555
572
670
904
1857
241
213
381
1399
1932
358
764
497
1389
1123
1371
1146
35
1886
1172
147
1965
1918
184
1415
1642
945
487
679
827
152
641
911
398
1928
1007
833
791
1674
847
1857
1840
1364
355
509
1511
1041
1025
849
859
644
546
853
1547
1620
305
226
1087
102
1731
903
518
1763
1164
730
594
1502
1412
27
281
1
197
1784
1564
938
1764
1879
1707
272
758
775
818
782
1197
340
1523
1001
570
1319
304
1628
693
781
534
298
170
641
97
1717
1106
470
1892
790
319
303
516
1569
1645
1333
1854
980
874
1079
403
1971
204
181
185
336
1846
1107
1193
1586
1635
1180
1415
1170
1556
1333
495
1063
551
1887
760
144
895
426
964
1213
191
1030
1881
455
1530
1013
1330
1656
1199
1354
62
1705
216
1081
1365
804
444
446
871
540
189
1450
399
725
1175
1169
1907
560
725
181
1644
1740
663
1218
378
1632
676
1902
752
182
1263
1249
1478
577
1727
1045
891
1289
1510
223
293
1623
452
420
674
407
61
735
1950
191
1042
1663
1964
86
547
1135
230
944
1121
1340
1300
800
1663
1748
550
1500
1321
964
1324
1610
1248
1343
348
916
1714
308
828
629
68
1979
174
791
517
1486
1007
55
687
143
172
834
1916
505
1462
1688
1309
1610
1170
1695
1846
996
1089
842
1090
885
1
1177
871
180
1096
15
313
1717
808
1177
1381
1103
1181
461
547
709
1263
1078
1344
20
1264
1564
26
323
1162
1582
232
1194
1976
75
543
1952
1847
1347
294
1717
278
1856
1714
826
1686
1774
810
1295
698
1790
122
601
737
1758
285
1289
1842
579
229
573
796
1482
1916
1311
1790
1985
46
1243
1574
291
639
912
1755
391
666
1805
195
1842
1726
9
1889
1092
1053
125
1585
1349
1691
1665
981
1479
1616
54
1584
581
1973
1773
809
1999
569
1451
978
1364
1289
1718
1298
666
723
593
262
331
1239
925
667
565
762
31
917
344
881
409
1852
1972
661
1120
1660
584
1332
1123
1562
328
1380
316
1214
472
1573
364
1947
429
1817
338
957
1164
1544
976
1880
108
852
1964
1441
1374
1011
1395
722
1430
1724
1649
45
1995
1480
1580
1085
257
335
1746
1371
541
1257
1757
1211
1
929
835
587
603
1856
570
1262
72
1133
754
254
1884
696
1400
349
1633
920
1551
1240
1974
1730
986
836
317
638
1206
1836
1989
588
1849
1664
4
54
837
1992
1822
1915
856
1639
1726
379
1827
106
84
1317
313
1336
1071
850
1311
1073
1507
766
359
1641
1972
1320
346
1804
619
608
878
154
697
10
58
617
876
1536
592
1817
325
597
1036
511
1150
1301
62
768
1037
426
538
384
947
970
604
918
1286
1339
1055
642
1972
1734
1181
1395
654
1574
1590
660
1689
509
1184
466
666
873
1568
484
1982
1329
373
719
756
1264
554
807
435
821
1096
1804
1921
1298
1186
1388
1637
1123
1469
819
1565
1510
721
474
951
1962
1517
1960
1403
727
524
1318
239
331
261
1488
872
1702
1822
547
1911
1248
347
1057
1797
535
1477
1234
1844
326
1583
1751
1086
1979
938
1153
1439
1970
996
830
995
1679
570
283
1890
137
535
1476
51
1483
985
1022
1521
900
217
1355
321
1983
222
264
1744
641
432
188
135
1330
309
1708
1577
1977
1508
1302
221
212
1531
513
1414
1173
944
1605
1855
286
1463
785
533
699
1859
1072
939
1245
1100
335
1303
163
751
1498
1734
128
1684
14
72
481
1815
136
30
299
50
1115
263
784
1629
1647
419
1423
233
1143
1319
1283
1881
790
104
175
867
346
1306
1241
1371
647
1999
1325
119
1779
426
1443
1820
442
1819
571
1319
1561
797
662
964
1350
52
1292
370
1378
1874
1030
1663
1829
1578
612
511
1396
1626
1426
485
795
1393
523
656
1213
342
1696
1603
366
1373
1904
510
1923
1068
1837
1479
53
1501
95
805
1779
742
400
1408
418
1822
1189
871
1764
1972
1967
1500
272
181
1409
967
1599
540
998
740
1361
1002
1041
1813
1872
1811
1201
60
1269
1075
365
1061
1065
1663
557
544
935
1495
151
1458
324
93
1181
328
191
507
695
1857
622
614
1908
1263
1264
570
606
1141
720
620
942
1862
1442
764
823
1707
962
1720
1527
1469
1367
1424
1683
1280
1
1969
583
331
1717
1473
475
1460
1134
1361
714
812
894
1117
719
191
1217
1762
773
241
1604
313
248
1083
1386
999
32
664
1284
1598
698
1242
605
1339
318
1680
1144
799
1165
72
111
630
333
56
688
1305
1858
1841
1950
427
1151
1411
1842
1139
1428
1636
358
328
257
1998
1247
599
1867
1648
477
862
566
903
642
1350
121
1456
1621
317
1143
562
169
1065
1888
1246
335
1785
1629
1115
764
1402
1140
1371
268
1458
1798
1638
551
858
360
1152
700
1953
1433
1
259
1958
244
1178
397
1987
1115
1142
915
549
297
1956
1099
418
1192
1828
738
1677
1423
353
1846
547
169
1481
639
988
443
231
1296
165
570
1008
1266
1813
461
640
1838
1857
822
311
1597
494
24
1864
62
488
251
177
1399
1034
1405
57
538
1104
1326
117
825
874
1424
1856 160
1852 338
1870 667
1322 1664
1687 35
1098 1556
1941 182
1862 415
1694 866
1821 212
1114 371
1932 1371
1513 1476
1742 1386
1170 1760
1910 1327
1211 345
1497 92
1041 543
1078 1143
1888 804
1517 1683
1135 312
1649 1286
1744 402
1350 512
1368 1795
1674 1809
1403 857
1924 1460
1503 1612
1255 255
1027 535
1359 117
1555 51
1586 35
1236 1296
1510 261
1209 1486
1382 1592
1745 840
1723 1910
1268 822
1865 130
1477 772
1828 962
1659 130
1810 435
1442 1951
1743 1219
1864 42
1807 647
1530 594
1331 322
1148 1952
1745 366
1655 1520
1326 16
1124 1589
1400 766
1956 1186
1532 702
1097 511
1629 1708
1639 811
1436 1786
1550 1761
1954 1629
1732 765
1324 433
1284 1479
1043 719
1593 881
1177 118
1475 69
1073 754
1272 1853
1292 1307
1519 1419
1350 49
1794 883
1308 876
1424 1791
1358 1913
1947 1646
1588 449
1157 965
1850 441
1990 1704
1179 1439
1828 1187
1101 141
1164 1725
1437 1371
1956 777
1152 63
1415 403
1777 1169
1344 1246
1905 1565
1410 142
1618 399
1191 759
1452 949
1167 1843
1196 396
1858 326
1614 1675
1356 851
1494 229
1330 731
1391 340
1648 1386
1647 1335
1440 338
1590 1383
1611 344
1953 1309
1914 1139
1389 1069
1675 1869
1247 1200
1721 675
1939 535
1111 1513
1160 685
1407 508
1189 1207
1224 281
1481 290
1666 214
1489 1878
1247 1720
1762 1523
1563 847
1882 1748
1757 92
1011 254
1544 1375
1230 1647
1955 1733
1846 862
1482 67
1718 858
1328 1524
1593 260
1966 1340
1219 260
1867 1937
1364 1626
1199 1425
1294 389
1112 932
1316 1138
1312 998
1516 881
1082 1841
1053 982
1529 721
1399 1935
1913 954
1876 884
1268 725
1948 1971
1289 1191
1564 587
1399 1240
1080 520
1315 1256
1894 333
1142 1411
1998 238
1186 1929
1622 1768
1510 258
1562 1932
1025 1433
1749 645
1118 1134
1418 1324
1835 107
1591 1716
1334 1204
1272 870
1884 1988
1646 1044
1506 1395
1409 158
1812 1745
1552 1995
1578 643
1723 636
1733 757
1472 1054
1211 1871
1957 295
1995 897
1027 362
1672 1736
1646 3
1473 930
1387 1862
1879 847
1660 992
1853 596
1700 601
1352 1696
1739 513
1454 1637
1091 562
1870 259
1026 1167
1877 1430
1044 1219
1313 86
1760 740
1374 909
1267 259
1548 1129
1395 1721
1854 287
1535 1835
1590 1264
1800 123
1930 1258
1222 1794
1874 1926
1592 1270
1086 1921
1251 1595
1658 1278
1626 80
1420 1330
1611 18
1099 701
1823 171
1425 1102
1524 81
1532 981
1978 396
1620 1435
1897 749
1638 138
1337 1480
1456 1254
1837 1068
1232 499
1565 102
1325 1343
1899 1245
1348 221
1081 1125
1902 991
1016 59
1199 1741
1949 216
1456 1928
1808 1920
1458 963
1716 1014
1436 1045
1004 824
1783 1180
1290 1745
1374 1429
1868 1975
1362 223
1107 842
1603 1893
1474 1188
1309 579
1321 1628
1027 977
1788 1496
1942 1954
1583 671
1211 1753
1697 427
1289 900
1222 201
1733 1290
1840 627
1062 1447
1720 1782
1858 661
1880 1758
1927 185
1826 349
1917 1083
1610 262
1136 215
1598 1972
1863 145
1597 1447
1567 1870
1724 1735
1890 11
1236 1385
1696 744
1455 519
1362 256
1822 798
1351 774
1344 259
1343 896
1672 1905
1846 439
1579 1811
1913 464
1584 1131
1737 349
1048 868
2000 970
1916 1101
1596 955
1316 1629
1523 539
1233 601
1475 246
1749 131
1007 1604
1322 465
1335 182
1425 1668
1354 1582
1686 1356
1190 1781
1225 78
1138 1567
1270 63
1204 1622
1772 188
1061 1963
1656 650
1478 256
1238 781
1002 253
1877 1475
1995 1781
1169 931
1209 1735
1623 1
1416 747
1384 635
1148 705
1669 975
1751 1765
1095 1939
1930 630
1922 612
1163 1786
1041 1061
1706 828
1379 1213
1462 1754
1148 740
1749 1212
1719 1896
1064 702
1768 1856
1889 1437
1454 311
1318 1066
1461 970
1441 730
1358 61
1019 314
1646 468
1352 584
1442 446
1746 84
1708 597
1320 1627
1302 1887
1596 333
1482 1106
1739 1114
1206 1275
1928 1742
1174 1761
1420 1149
1457 1091
1510 819
1214 1472
1084 1686
1685 1268
1192 331
1074 253
1407 1706
1942 104
1524 999
1507 325
1567 1984
1709 1084
1952 873
1042 931
1381 927
1426 338
1436 1161
1332 1993
1905 1613
1828 441
1700 977
1725 1682
1794 1537
1762 1826
1224 923
1810 1261
1323 1752
1034 713
1679 193
1920 578
1175 1328
1465 1938
1331 946
1146 1283
1123 1720
1972 771
1638 254
1675 200
1772 455
1406 782
1073 351
1326 1975
1696 1010
1254 1290
1024 1188
1872 1507
1218 182
1400 330
1553 1334
1615 1590
1918 1644
1639 1686
1731 617
1329 588
1191 551
1788 563
1682 1381
1664 103
1650 1964
1759 1582
1229 1802
1645 147
1782 1575
1554 1628
1735 1640
1139 300
1030 848
1115 921
1896 1489
1202 1464
1158 1386
1671 232
1070 215
1652 1029
1988 165
1396 1041
1228 359
1850 1042
1304 889
1204 1314
1432 308
1947 1417
1321 1306
1743 1121
1147 611
1793 852
1951 73
1558 667
1811 868
1888 434
1391 979
1121 297
1128 1899
1690 495
1345 820
1134 56
1168 246
1889 324
1827 729
1600 1844
1915 837
1644 597
1211 1235
1105 50
1605 1622
1246 324
1091 233
1163 812
2000 196
1034 1030
1053 939
1904 1797
1555 342
1070 831
1115 470
1778 1389
1242 997
1631 1667
1137 973
1520 1862
1800 1921
1579 1784
1564 1287
1265 20
1199 437
1074 1161
1435 864
1536 1387
1020 746
1126 69
1297 910
1261 74
1857 329
1498 454
1085 424
1793 649
1699 125
1907 1090
1250 400
1357 1791
1244 1576
1438 1617
1338 655
1168 1734
1692 1122
1601 212
1625 1277
1186 411
1945 590
1957 633
1563 690
1265 1147
1671 1951
1840 1739
1513 154
1127 1946
1012 1965
1378 197
1872 1821
1277 185
1339 38
1853 1740
1902 481
1268 1378
1886 1452
1843 1593
1629 446
1708 526
1724 1290
1503 946
1417 198
1651 868
1669 1193
1770 891
1064 1496
1584 1105
1776 488
1342 1310
1330 1978
1697 1791
1071 1923
1708 620
1019 873
1508 423
1914 1092
1693 912
1894 243
1816 1034
1768 1048
1543 1210
1137 705
1776 653
1823 1012
1849 1450
1726 363
1294 1086
1877 745
1294 560
1546 1569
1062 1121
1649 478
1876 1107
1425 406
1929 59
1217 1377
1985 18
1272 1523
1630 86
1499 1148
1957 72
1344 1717
1699 117
1973 999
1744 384
1052 367
1109 1314
1754 1261
1631 118
1098 1513
1147 501
1620 190
1994 256
1253 1335
1591 1913
1692 1477
1218 358
1144 1476
1850 733
1538 1213
1415 1056
1592 1767
1644 1025
1354 352
1305 1162
1675 61
1989 52
1447 982
1390 746
1629 1486
1530 1563
1320 634
1176 983
1681 1544
1926 935
1001 1666
1681 189
1583 1120
1884 700
1273 408
1019 879
1020 13
1212 58
1365 577
1380 834
1532 1066
1268 895
1488 1850
1699 874
1598 1028
1940 1058
1483 286
1422 1652
1489 291
1152 654
1232 1758
1978 1201
1205 1883
1198 490
1488 1459
1894 1953
1101 1123
1763 1064
1916 127
1550 1524
1492 225
1495 841
1978 1351
1680 895
1351 1569
1679 840
1236 1299
1682 784
1248 640
1578 69
1133 1063
1961 1196
1307 1454
1629 981
1422 789
1649 1166
1860 108
1498 1360
1005 1772
1058 1221
1495 494
1648 1631
1683 592
1993 160
1660 1513
1607 1307
1186 873
1213 1129
1115 696
1345 826
1654 1475
1649 627
1992 822
1835 1499
1960 371
1877 618
1072 1545
1661 338
1092 1682
1383 636
1909 1304
1316 1145
1706 478
1621 1368
1387 891
1404 1436
1566 1680
1301 137
1505 395
1242 1301
1184 149
1883 44
1623 542
1116 122
1739 750
1954 841
1910 1121
1613 551
1610 1123
1725 981
1302 168
1621 1687
1542 1270
1220 1638
1858 359
1055 312
1252 1211
1265 262
1372 1354
1824 1406
1669 776
1124 1442
1974 756
1545 1599
1994 823
1590 329
1226 832
1557 1206
1039 689
1250 1538
1037 1210
1148 1401
1122 587
1206 145
1060 729
1851 487
1761 1751
1547 1746
1742 997
1898 657
1599 1576
1580 1914
1131 1423
1018 1452
1749 1774
1567 1385
1246 572
1158 801
1518 428
1221 1141
1522 663
1123 543
1366 1799
1499 388
1970 1498
1530 588
1297 302
1932 231
1809 928
1489 1248
1904 1818
1203 120
1278 2
1783 1780
1376 1322
1569 1593
1973 1920
1034 1151
1519 1343
1518 638
1960 169
1796 363
1287 598
1584 1003
1197 27
1889 785
1183 777
1398 1777
1932 1730
1824 34
1701 98
1734 165
1298 547
1560 1391
1917 271
1932 1950
1441 1075
1650 658
1733 1079
1119 1452
1736 916
1417 671
1281 945
1704 1007
1449 1912
1365 1704
1735 236
1132 598
1248 597
1559 1502
1281 1540
1578 299
1764 1102
1750 509
1465 1197
1685 366
1320 551
1141 1573
1887 1829
1186 1967
1802 1086
1980 1140
1719 967
1241 1414
1077 456
1256 1003
1979 598
1149 165
1946 1588
1367 1992
1907 701
1802 537
1234 1841
1381 599
1714 1154
1293 152
1708 168
1411 192
1862 449
1821 1607
1817 1675
1352 1020
1918 208
1076 745
1564 1295
1777 596
1762 315
1787 272
1397 1849
1931 716
1764 714
1339 735
1007 1246
1970 108
1546 512
1130 1044
1944 1098
1065 1455
1856 120
1529 420
1113 1930
1239 1916
1979 847
1103 1516
1387 208
1163 813
1437 625
1369 1330
1577 30
1509 1901
1131 628
1036 502
1292 1009
1004 628
1023 1953
1978 612
1024 1850
1542 663
1502 1940
1006 929
1996 639
1428 965
1666 722
1784 939
1303 1069
1007 23
1346 1910
1500 1316
1750 56
1032 1199
1926 318
1834 807
1304 1235
1729 161
1621 60
1455 1873
1396 1444
1010 46
1553 666
1414 308
1420 1711
1523 1162
1575 1372
1079 158
1177 1257
1812 1204
1937 1400
1868 1357
1857 1948
1814 1746
1360 10
1322 188
1332 613
1564 557
1451 1794
1996 1097
1935 1560
1042 514
1640 467
1370 1771
1539 122
1880 1401
1172 1062
1752 496
1583 1192
1129 589
1186 169
1678 1579
1293 1836
1249 741
1364 641
1502 1686
1661 355
1929 609
1505 18
1692 1523
1119 792
1405 1530
1187 11
1208 1909
1708 792
1441 805
1141 1179
1222 1765
1027 1091
1891 113
1709 1594
1804 214
1959 1003
1545 1161
2000 744
1480 360
1704 153
1439 343
1783 11
1968 636
1893 501
1866 1024
1517 863
1793 121
1714 289
1190 1748
1623 1151
1070 1382
1353 279
1663 1508
1423 1888
1920 557
1996 1078
1037 976
1038 1607
1249 1525
1653 801
1282 625
1508 282
1737 34
1941 1088
1223 1485
1341 1348
1214 477
1580 1113
1822 315
1237 1992
1273 1988
1074 301
1464 547
1108 483
1714 930
1049 1148
1278 686
1783 90
1185 1505
1111 1427
1832 311
1828 1679
1344 473
1591 266
1722 102
1224 1332
1590 1987
1268 1490
1704 443
1170 273
1337 475
1571 1807
1130 1939
1903 1208
1835 233
1150 571
1298 620
1052 1358
1039 455
1007 622
1053 524
1300 478
1035 173
1227 1885
1528 1986
1743 790
1932 1694
1248 1099
1272 637
1867 992
1537 1548
1078 1171
1335 1084
1809 1645
1181 1518
1312 605
1377 164
1843 1987
1506 1936
1673 1434
1517 151
1017 1379
1698 745
1303 1629
1626 230
1393 637
1134 807
1774 398
1735 127
1815 1291
1832 1431
1360 1479
1495 900
1893 1645
1705 1722
1156 139
1109 1920
1409 712
1652 1397
1796 1044
1017 504
1374 1829
1117 1326
1113 1993
1143 829
1730 659
1864 1839
1357 1241
1134 1734
1431 133
1003 129
1172 1250
1121 244
1105 1566
1601 760
1002 1114
1644 1351
1962 1513
1832 405
1592 529
1539 1132
1497 1528
1400 551
1185 1010
1676 577
1884 869
1207 1035
1865 427
1399 1412
1573 1944
1306 1969
1839 1354
1355 153
1779 1078
1946 1534
1941 184
1422 907
1545 1952
1083 447
1175 1051
1713 1668
1367 1361
1143 1372
1317 703
1567 1474
1566 1325
1518 128
1408 658
1897 1317
1788 825
1006 1757
1882 672
1263 1207
1464 1163
1550 1339
1450 68
1217 1592
1981 1385
1762 1312
1045 745
1497 345
1641 1071
1046 917
1504 530
1709 1781
1705 456
1181 1319
1225 1394
1804 473
1857 966
1387 1115
1620 1575
1962 120
1710 1187
1751 1564
2000 914
1330 511
1423 987
1654 1700
1080 1604
1133 441
1536 778
1988 330
1467 1155
1616 1921
1398 638
1116 1474
1549 279
1386 794
1965 1409
1682 1402
1445 642
1433 403
1314 49
1530 1440
1790 1679
1566 1876
1492 169
1282 671
1363 1835
1600 325
1204 1170
1187 67
1887 99
1399 396
1754 918
1273 221
1836 1555
1300 611
1923 1418
1462 340
1294 1135
1090 1736
1836 1885
1380 593
1300 53
1694 29
1169 1498
1934 1543
1669 782
1821 111
1246 346
1976 253
1343 246
1420 557
1670 1139
1616 1113
1011 463
1767 1219
1948 362
1012 1849
1430 1686
1851 311
1902 1224
1052 1262
1394 1715
1735 23
1729 1220
1626 1745
1954 1371
1593 1809
1682 1730
1328 255
1659 556
1674 1313
1230 1208
1377 488
1229 220
1245 198
1410 227
1920 424
1965 1260
1443 1811
1388 680
1619 800
1200 106
1157 1423
1531 1416
1143 682
1148 245
1659 156
1488 321
1698 572
1340 608
1407 1391
1503 1262
1801 1600
1610 437
1238 1409
1281 924
1607 382
1256 11
1870 1385
1444 787
1030 761
1456 165
1228 910
1490 299
1574 1988
1395 1512
1304 1586
1840 1162
1505 15
1360 596
1253 1910
1400 11
1270 1833
1520 1389
1548 1183
1254 381
1522 1049
1310 347
1505 1293
1027 1853
1084 681
1506 443
1611 232
1825 987
1348 1859
1706 794
1895 1012
1880 1223
1804 1490
1309 295
1102 1354
1308 682
1131 1807
1606 825
1762 1132
1894 1868
1537 1355
1369 616
1383 197
1898 1534
1643 1765
1544 1749
1029 884
1285 1271
1736 150
1439 116
1211 459
1225 1674
1792 1461
1392 95
1201 1439
1142 1694
1400 89
1738 516
1279 1467
1214 1228
1849 1234
1597 110
1774 1056
1561 1944
1600 1664
1725 390
1620 919
1553 1558
1501 28
1196 1520
1212 11
1711 1915
1837 1815
1457 1381
1941 919
1103 1263
1022 43
1573 1546
1853 671
1293 1394
1949 1040
1066 1303
1953 259
1715 899
1152 450
1626 1498
1626 800
1813 1234
1450 753
1902 1488
1688 684
1381 1609
1444 1983
1427 460
1854 1255
1870 998
1645 691
1760 878
1028 502
1428 414
1583 759
1463 1651
1284 1865
1803 47
1553 499
1098 329
1025 1987
1351 360
1390 352
1762 1874
1886 947
1798 211
1304 1989
1631 825
1326 1825
1204 1160
1026 1086
1075 762
1324 68
1082 820
1267 889
1144 1035
1299 841
1952 358
1852 218
1935 898
1344 166
1195 1790
1305 700
1832 1907
1788 150
1119 37
1810 1728
1555 1104
1470 1513
1902 312
1251 987
1406 75
1124 931
1880 1550
1277 1063
1822 41
1374 1590
1124 1449
1248 550
1890 1716
1138 40
1937 1685
1265 1259
1958 1479
1257 1236
1669 251
1552 256
1802 1251
1184 1949
1792 594
1755 703
1177 1381
1919 291
1227 1141
1603 1076
1459 1709
1315 1453
1271 436
1074 1012
1949 656
1162 460
1823 967
1654 483
1190 1269
1158 63
1540 994
1413 761
1694 710
1303 550
1373 337
1885 1273
1841 1162
1854 1365
1818 1486
1755 1808
1344 1359
1080 745
1059 1776
1558 915
1161 731
1213 404
1445 107
1805 756
1700 611
1376 1202
1407 947
1756 385
1501 1022
1831 951
1956 464
1519 1479
1698 42
1668 1660
1198 236
1432 271
1052 1977
1289 1129
1046 1621
1603 1981
1234 932
1460 142
1350 462
1443 189
1866 1229
1889 1441
1385 848
1164 1225
1507 1541
1887 114
1984 1784
1296 1853
1743 875
1641 60
1039 416
1568 1650
1848 645
1523 1501
1272 25
1441 1429
1192 680
1582 446
1032 1528
1854 1191
1884 8
1077 1321
1241 1483
1979 31
1796 211
1986 1285
1320 1858
1244 1561
1789 714
1685 854
1323 564
1392 167
1394 683
1176 575
1300 1890
1371 783
1046 1581
1951 1229
1732 1712
1304 285
1786 1638
1645 1102
1123 656
1590 1789
1843 1610
1287 1065
1591 861
1619 4
1984 1473
1532 1256
1744 591
1153 1556
1201 367
1043 663
1383 1908
1703 855
1850 738
1983 1523
1369 362
1185 222
1743 1969
1842 1530
1973 875
1642 870
1874 1986
1556 1153
1162 710
1633 688
1779 1864
1686 1602
1982 471
1737 1474
1809 1765
1233 1726
1583 1379
1854 1417
1636 532
1999 779
1779 1854
1303 1317
1690 457
1156 1173
1252 1341
1630 419
1469 1564
1915 1374
1036 1342
1256 984
1045 1322
1984 1302
1792 371
1245 711
1633 1778
1951 916
1794 52
1937 1415
1070 471
1973 504
1745 1256
1301 1563
1868 769
1969 236
1722 713
1231 109
1340 111
1114 1211
1950 1990
1245 145
1934 1653
1797 94
1316 1408
1927 875
1853 1340
1032 582
1753 311
1269 1558
1265 492
1145 433
1980 979
1374 1941
1846 1423
1955 669
1031 675
1504 808
1812 149
1383 1295
1785 1300
1724 525
1714 36
1096 8
1771 1664
1409 1641
1265 628
1339 118
1015 1235
1246 1133
1827 457
1088 1444
1009 931
1334 829
1153 1595
1312 1637
1295 720
1796 532
1079 504
1654 1812
1155 1355
1811 958
1256 1267
1263 1595
1565 288
1952 1068
1023 757
1808 833
1231 1884
1535 1558
1876 114
1644 1296
1731 1490
1269 1720
1651 1368
1104 1598
1483 1867
1610 337
1710 1431
1263 1874
1704 1186
1783 39
1031 1462
1767 1634
1036 377
1699 1341
1767 659
1200 116
1340 201
1940 917
1545 363
1971 1876
1249 417
1161 1823
1882 1892
1212 1668
1302 1536
1195 1404
1001 1488
1107 1962
1069 111
1039 105
1750 973
1422 572
1049 449
1739 224
1180 1589
1134 176
1407 1582
1272 952
1550 223
1376 128
1462 1209
1284 1194
1788 1185
1268 89
1155 1052
1605 1541
1711 1941
1043 1917
1509 444
1914 1768
1080 1821
1073 57
1322 1641
1820 1491
1766 926
1421 112
1440 65
1654 1589
1168 1603
1978 1596
1408 1855
1013 1558
1726 1420
1222 130
1422 616
1387 1497
1388 98
1432 160
1386 783
1658 1410
1798 331
1836 1128
1459 1841
1025 1421
1704 250
1608 1727
1877 648
1630 128
1549 316
1092 138
1074 1815
1455 1076
1514 1454
1970 1458
1768 4
1256 639
1925 679
1456 1069
1278 1466
1725 1657
1280 310
1192 1090
1942 1821
1318 276
1285 143
1557 1971
1619 361
1949 1341
1417 21
1714 1674
1970 1025
1049 258
1329 1616
1082 58
1926 805
1383 1505
1239 615
1679 1926
1652 72
1177 2
1846 931
1240 1233
1527 100
1188 251
1811 1232
1274 1138
1523 247
1945 1073
1184 1790
1060 1903
1360 895
1412 1948
1279 701
1830 142
1261 1418
1669 1169
1213 1513
1499 1413
1452 1765
1736 1220
1764 195
1929 49
1164 516
1010 1179
1302 1407
1453 992
1138 1247
1484 150
1341 1822
1742 1404
1041 1832
1610 1126
1245 872
1299 513
1841 1276
1465 835
1756 1358
1677 1172
1490 1087
1295 1850
1405 343
1896 925
1947 614
1638 956
1120 688
1432 544
1505 1896
1088 1340
1549 580
1451 717
1588 352
1370 1339
1683 1050
1364 813
1884 499
1674 1964
1314 1473
1166 588
1239 3
1418 390
1866 1486
1099 1463
1323 1134
1557 972
1817 356
1970 790
1627 189
1860 1600
1872 1047
1502 348
1994 776
1562 1764
1459 1752
1284 1039
1393 882
1463 1893
1645 731
1541 1292
1055 1925
1479 1249
1708 1813
1843 814
1601 1000
1927 1525
1327 658
1601 575
1502 1781
1969 1539
1404 1393
1370 174
1574 567
1834 178
1017 660
1334 1707
1283 1245
1186 1840
1517 1335
1423 1704
1083 768
1596 259
1816 241
1721 44
1490 1456
1017 1885
1817 694
1853 456
1156 462
1222 1538
1959 629
1706 1509
1277 654
1221 630
1628 653
1822 1005
1039 1154
1711 431
1088 1430
1176 926
1745 995
1085 1775
1280 263
1621 1135
1453 1683
1029 487
1439 666
1689 1449
1638 357
1007 1216
1634 1822
1531 1104
1156 427
1531 681
1168 334
1854 510
1930 1126
1416 1306
1936 1259
1824 260
1945 842
1982 701
1242 1048
1214 1128
1951 436
1841 1702
1112 1679
1796 492
1061 1612
1221 743
1311 32
1035 1470
1494 1004
1413 1670
1562 1932
1569 964
1220 972
1916 962
1948 1338
1617 1609
1606 1396
1285 1701
1068 1430
1507 1577
1761 1837
1547 795
1115 722
1340 1338
1566 115
1003 1064
1749 1435
1961 1390
1464 1496
1229 910
1818 785
1051 1998
1254 1431
1569 648
1013 1097
1902 1991
1226 759
1333 417
1188 1191
1628 254
1409 284
1894 1570
1033 1664
1439 1394
1135 1531
1214 1825
1018 1087
1606 794
1850 1180
1725 118
1799 1351
1907 185
1425 204
1724 28
1932 1603
1475 415
1386 502
1429 1450
1805 942
1831 1452
1225 842
1943 592
1317 1354
1792 1001
1212 1626
1647 1512
1718 997
1073 504
1423 496
1213 35
1010 400
1523 974
1294 331
1443 1937
1061 73
1508 291
1309 290
1701 253
1714 980
1733 1596
1167 1758
1433 1597
1640 867
1332 114
1680 1446
1772 1423
1190 110
1577 130
1280 709
1753 1345
1035 206
1895 115
1902 1593
1203 1092
1376 101
1178 1760
1548 570
1849 1918
1239 797
1851 685
1847 634
1855 251
1344 1959
1626 1260
1679 1289
1338 1730
1912 1285
1424 1989
1680 1019
1752 1338
1446 1312
1451 48
1312 970
1302 939
1130 580
1160 596
1289 1680
1767 1632
1259 154
1480 1291
1534 362
1558 320
1759 1853
1256 514
1850 1676
1174 774
1153 71
1359 1798
1588 963
1381 1173
1046 1754
1242 1902
1284 1532
1131 780
1912 1103
1472 116
1910 1189
1187 1579
1245 226
1247 732
1718 86
1111 1803
1128 977
1857 574
1943 1816
1103 547
1375 279
1436 724
1464 496
1392 211
1352 1711
1120 918
1963 629
1076 1411
1666 1120
1164 369
1520 1259
1696 822
1933 1080
1442 626
1112 1281
1941 1066
